0.587374 0.041533 0.248337 0.914863 -0.064378 0.395443 0.050063
0.587374 0.046417 0.249378 0.914047 -0.075328 0.394845 0.054240
0.587374 0.051122 0.251022 0.913140 -0.085859 0.394232 0.058184
0.587374 0.055522 0.253386 0.912184 -0.095698 0.393630 0.061793
0.587374 0.060413 0.254184 0.911013 -0.106460 0.392930 0.065776
0.587374 0.065393 0.254557 0.909706 -0.117286 0.392187 0.069769
0.587374 0.070376 0.254915 0.908287 -0.127977 0.391415 0.073694
0.587374 0.075362 0.255214 0.906761 -0.138522 0.390617 0.077551
0.587374 0.080356 0.255338 0.905134 -0.148915 0.389795 0.081340
0.587374 0.085351 0.255396 0.903413 -0.159133 0.388956 0.085055
0.587374 0.090346 0.255350 0.901606 -0.169165 0.388101 0.088694
0.587374 0.095341 0.255279 0.899720 -0.179002 0.387235 0.092257
0.587374 0.100335 0.255185 0.897761 -0.188637 0.386361 0.095741
0.587374 0.105330 0.255095 0.895737 -0.198068 0.385480 0.099147
0.587374 0.110325 0.254999 0.893653 -0.207291 0.384595 0.102474
0.587374 0.115319 0.254903 0.891517 -0.216304 0.383709 0.105721
0.587374 0.120313 0.254782 0.889200 -0.225717 0.382879 0.108535
0.587374 0.125307 0.254657 0.886829 -0.234912 0.382064 0.111256
0.587374 0.130301 0.254543 0.884412 -0.243880 0.381272 0.113889
0.587374 0.135295 0.254424 0.881957 -0.252604 0.380504 0.116446
0.587374 0.140289 0.254299 0.879475 -0.261072 0.379761 0.118935
0.587374 0.145283 0.254176 0.876974 -0.269278 0.379047 0.121365
0.587374 0.150277 0.254051 0.874460 -0.277223 0.378360 0.123738
0.587374 0.155270 0.253914 0.871937 -0.284913 0.377703 0.126057
0.587374 0.160264 0.253781 0.869412 -0.292355 0.377074 0.128323
0.587374 0.165258 0.253646 0.866888 -0.299552 0.376474 0.130538
0.587374 0.170251 0.253504 0.864369 -0.306511 0.375907 0.132705
0.587374 0.175244 0.253352 0.861857 -0.313237 0.375377 0.134824
0.587374 0.180237 0.253187 0.859353 -0.319734 0.374889 0.136898
0.587374 0.185230 0.253023 0.856859 -0.326008 0.374447 0.138929
0.587374 0.190223 0.252857 0.854376 -0.332062 0.374058 0.140919
0.587374 0.195216 0.252705 0.851904 -0.337900 0.373725 0.142872
0.587374 0.200209 0.252549 0.849457 -0.343497 0.373446 0.144815
0.587374 0.205202 0.252395 0.847033 -0.348859 0.373225 0.146749
0.587374 0.210195 0.252242 0.844633 -0.353995 0.373067 0.148676
0.587374 0.215188 0.252085 0.842256 -0.358909 0.372974 0.150599
0.587374 0.220181 0.251927 0.839902 -0.363607 0.372951 0.152519
0.587374 0.225174 0.251767 0.837571 -0.368095 0.373001 0.154439
0.587374 0.230167 0.251617 0.835262 -0.372378 0.373125 0.156362
0.587374 0.235160 0.251473 0.832976 -0.376463 0.373325 0.158291
0.587374 0.240154 0.251329 0.830711 -0.380355 0.373600 0.160227
0.587374 0.245147 0.251184 0.828467 -0.384060 0.373953 0.162171
0.587374 0.250140 0.251039 0.826243 -0.387584 0.374384 0.164126
0.587374 0.255134 0.250897 0.824038 -0.390932 0.374894 0.166095
0.587374 0.260127 0.250755 0.821852 -0.394106 0.375485 0.168080
0.587374 0.265121 0.250618 0.819682 -0.397113 0.376157 0.170083
0.587374 0.270115 0.250485 0.817528 -0.399955 0.376913 0.172106
0.587374 0.275108 0.250351 0.815387 -0.402638 0.377754 0.174152
0.587374 0.280102 0.250221 0.813257 -0.405168 0.378680 0.176219
0.587374 0.285096 0.250084 0.811136 -0.407552 0.379693 0.178306
0.587374 0.290089 0.249942 0.809020 -0.409799 0.380794 0.180409
0.587374 0.295083 0.249808 0.806906 -0.411915 0.381986 0.182526
0.587374 0.300076 0.249676 0.804792 -0.413906 0.383267 0.184659
0.587374 0.305070 0.249551 0.802676 -0.415776 0.384636 0.186808
0.587374 0.310064 0.249432 0.800557 -0.417528 0.386093 0.188973
0.587374 0.315058 0.249287 0.798435 -0.419168 0.387635 0.191153
0.587374 0.320051 0.249138 0.796307 -0.420702 0.389257 0.193349
0.587374 0.325044 0.248977 0.794174 -0.422137 0.390953 0.195560
0.587374 0.330037 0.248820 0.792037 -0.423478 0.392715 0.197784
0.587374 0.335030 0.248672 0.789897 -0.424735 0.394532 0.200019
0.587374 0.340024 0.248532 0.787755 -0.425915 0.396394 0.202262
0.587374 0.345018 0.248409 0.785613 -0.427026 0.398291 0.204511
0.587374 0.350012 0.248291 0.783472 -0.428075 0.400215 0.206763
0.587374 0.355006 0.248173 0.781334 -0.429068 0.402156 0.209015
0.584565 0.358334 0.245867 0.778699 -0.430922 0.403859 0.211737
0.581541 0.361482 0.243438 0.776028 -0.432799 0.405534 0.214495
0.577993 0.363363 0.240740 0.773500 -0.434389 0.407262 0.217120
0.574022 0.364068 0.237792 0.771117 -0.435705 0.409037 0.219610
0.569899 0.364799 0.235069 0.768651 -0.437159 0.410736 0.222177
0.565759 0.365532 0.232371 0.766158 -0.438661 0.412380 0.224770
0.561507 0.366282 0.229862 0.763600 -0.440281 0.413942 0.227421
0.557197 0.367025 0.227448 0.761004 -0.441977 0.415428 0.230105
0.552785 0.367563 0.225177 0.758408 -0.443694 0.416849 0.232787
0.553403 0.366900 0.225487 0.758010 -0.441687 0.419362 0.233388
0.555086 0.363205 0.226364 0.758807 -0.437660 0.422449 0.232813
0.555086 0.358210 0.226446 0.759341 -0.434122 0.425334 0.232443
0.555086 0.353216 0.226525 0.759907 -0.430573 0.428166 0.231997
0.555086 0.348221 0.226612 0.760508 -0.427015 0.430937 0.231471
0.555086 0.343226 0.226694 0.761149 -0.423450 0.433641 0.230863
0.555086 0.338231 0.226775 0.761832 -0.419880 0.436273 0.230171
0.555086 0.333236 0.226851 0.762561 -0.416305 0.438828 0.229392
0.555086 0.328242 0.226927 0.763338 -0.412729 0.441300 0.228525
0.555086 0.323247 0.227000 0.764167 -0.409150 0.443686 0.227569
0.555086 0.318252 0.227075 0.765051 -0.405569 0.445981 0.226521
0.555086 0.313257 0.227152 0.765991 -0.401987 0.448182 0.225381
0.555086 0.308262 0.227235 0.766991 -0.398402 0.450286 0.224149
0.555086 0.303267 0.227321 0.768051 -0.394813 0.452294 0.222824
0.555086 0.298273 0.227416 0.769172 -0.391218 0.454204 0.221408
0.555086 0.293278 0.227510 0.770354 -0.387612 0.456021 0.219901
0.555086 0.288284 0.227608 0.771596 -0.383990 0.457749 0.218305
0.555086 0.283289 0.227702 0.772897 -0.380349 0.459391 0.216622
0.555086 0.278294 0.227791 0.774255 -0.376682 0.460953 0.214854
0.555086 0.273300 0.227880 0.775669 -0.372984 0.462440 0.213002
0.555086 0.268305 0.227964 0.777138 -0.369251 0.463854 0.211068
0.555086 0.263310 0.228045 0.778660 -0.365478 0.465200 0.209053
0.555086 0.258315 0.228125 0.780233 -0.361660 0.466484 0.206957
0.555086 0.253321 0.228203 0.781856 -0.357790 0.467708 0.204783
0.555086 0.248326 0.228283 0.783527 -0.353866 0.468877 0.202531
0.555086 0.243331 0.228361 0.785244 -0.349881 0.469995 0.200201
0.555086 0.238336 0.228440 0.787005 -0.345832 0.471063 0.197795
0.555086 0.233341 0.228522 0.788809 -0.341712 0.472086 0.195312
0.555086 0.228346 0.228604 0.790655 -0.337518 0.473067 0.192754
0.555086 0.223352 0.228690 0.792539 -0.333243 0.474009 0.190120
0.555086 0.218357 0.228777 0.794461 -0.328884 0.474915 0.187411
0.555086 0.213362 0.228866 0.796418 -0.324434 0.475787 0.184627
0.555086 0.208368 0.228954 0.798408 -0.319890 0.476629 0.181768
0.555086 0.203373 0.229043 0.800429 -0.315244 0.477445 0.178835
0.555086 0.198378 0.229129 0.802477 -0.310493 0.478236 0.175827
0.555086 0.193384 0.229210 0.804550 -0.305630 0.479008 0.172744
0.555086 0.188389 0.229290 0.806646 -0.300650 0.479763 0.169587
0.555086 0.183394 0.229366 0.808761 -0.295549 0.480502 0.166355
0.555086 0.178399 0.229443 0.810893 -0.290321 0.481229 0.163048
0.555086 0.173404 0.229520 0.813039 -0.284962 0.481946 0.159665
0.555086 0.168409 0.229601 0.815195 -0.279466 0.482655 0.156206
0.555086 0.163415 0.229688 0.817358 -0.273831 0.483358 0.152670
0.555086 0.158420 0.229776 0.819524 -0.268050 0.484057 0.149056
0.555086 0.153425 0.229869 0.821690 -0.262121 0.484754 0.145365
0.555086 0.148431 0.229964 0.823853 -0.256040 0.485450 0.141594
0.555086 0.143436 0.230063 0.826008 -0.249804 0.486144 0.137744
0.555086 0.138442 0.230164 0.828152 -0.243411 0.486835 0.133813
0.555086 0.133447 0.230266 0.830284 -0.236859 0.487523 0.129801
0.555086 0.128453 0.230369 0.832399 -0.230146 0.488204 0.125706
0.555086 0.123459 0.230470 0.834493 -0.223272 0.488878 0.121528
0.555086 0.118464 0.230568 0.836564 -0.216235 0.489542 0.117267
0.555086 0.113470 0.230664 0.838609 -0.209037 0.490192 0.112922
0.555086 0.108475 0.230756 0.840623 -0.201676 0.490825 0.108492
0.555086 0.103480 0.230848 0.842603 -0.194155 0.491438 0.103979
0.555086 0.098486 0.230936 0.844546 -0.186472 0.492030 0.099384
0.555086 0.093491 0.231026 0.846447 -0.178630 0.492595 0.094706
0.555086 0.088496 0.231116 0.848301 -0.170631 0.493132 0.089948
0.555086 0.083502 0.231208 0.850105 -0.162476 0.493638 0.085111
0.555086 0.078507 0.231301 0.851855 -0.154170 0.494109 0.080196
0.555086 0.073513 0.231394 0.853545 -0.145715 0.494543 0.075206
0.555086 0.068518 0.231488 0.855171 -0.137115 0.494936 0.070142
0.555086 0.063523 0.231580 0.856729 -0.128376 0.495287 0.065009
0.555086 0.058529 0.231677 0.858214 -0.119503 0.495592 0.059809
0.555086 0.053534 0.231771 0.859621 -0.110502 0.495848 0.054544
0.555086 0.048540 0.231865 0.860948 -0.101380 0.496052 0.049220
0.555086 0.043545 0.231959 0.862190 -0.092145 0.496202 0.043840
0.555086 0.038551 0.232054 0.863343 -0.082805 0.496293 0.038409
0.555086 0.033556 0.232152 0.864405 -0.073368 0.496323 0.032931
0.555086 0.028562 0.232256 0.865372 -0.063843 0.496290 0.027413
0.555086 0.023567 0.232352 0.866242 -0.054240 0.496191 0.021858
0.555086 0.018573 0.232457 0.867013 -0.044569 0.496022 0.016273
0.555086 0.013578 0.232551 0.867682 -0.034839 0.495782 0.010664
0.555086 0.008584 0.232643 0.868250 -0.025060 0.495468 0.005037
0.555086 0.003589 0.232732 0.868715 -0.015243 0.495077 -0.000601
0.555086 -0.001406 0.232810 0.869079 -0.005397 0.494604 -0.006243
0.555086 -0.006401 0.232893 0.869341 0.004466 0.494050 -0.011883
0.555086 -0.011396 0.232970 0.869500 0.014337 0.493414 -0.017514
0.555086 -0.016390 0.233048 0.869557 0.024204 0.492697 -0.023130
0.555086 -0.021385 0.233127 0.869512 0.034059 0.491899 -0.028722
0.555086 -0.026380 0.233189 0.869363 0.043890 0.491025 -0.034286
0.555086 -0.031375 0.233269 0.869111 0.053687 0.490080 -0.039814
0.555086 -0.036370 0.233300 0.868754 0.063441 0.489071 -0.045300
0.555086 -0.041365 0.233391 0.868290 0.073138 0.488005 -0.050739
0.555086 -0.046360 0.233456 0.867720 0.082769 0.486890 -0.056124
0.555086 -0.051354 0.233559 0.867043 0.092321 0.485734 -0.061451
0.555086 -0.056348 0.233677 0.866260 0.101784 0.484544 -0.066715
0.555086 -0.061343 0.233782 0.865371 0.111148 0.483330 -0.071912
0.555086 -0.066337 0.233894 0.864378 0.120402 0.482099 -0.077039
0.555086 -0.071330 0.234046 0.863282 0.129533 0.480861 -0.082090
0.555086 -0.076324 0.234166 0.862085 0.138537 0.479622 -0.087065
0.555086 -0.081317 0.234315 0.860789 0.147400 0.478393 -0.091959
0.555086 -0.086311 0.234419 0.859395 0.156117 0.477182 -0.096773
0.555086 -0.091306 0.234527 0.857908 0.164677 0.475997 -0.101503
0.555086 -0.096300 0.234618 0.856328 0.173073 0.474848 -0.106150
0.555086 -0.101295 0.234721 0.854659 0.181295 0.473744 -0.110712
0.555086 -0.106289 0.234806 0.852903 0.189339 0.472693 -0.115190
0.555086 -0.111284 0.234900 0.851062 0.197195 0.471707 -0.119585
0.555086 -0.116278 0.235007 0.849139 0.204858 0.470793 -0.123897
0.555086 -0.121272 0.235116 0.847136 0.212323 0.469961 -0.128127
0.555086 -0.126267 0.235227 0.845055 0.219584 0.469221 -0.132279
0.555086 -0.131261 0.235346 0.842897 0.226637 0.468580 -0.136354
0.555086 -0.136255 0.235447 0.840666 0.233477 0.468049 -0.140356
0.555086 -0.141249 0.235576 0.838361 0.240099 0.467636 -0.144288
0.555086 -0.146243 0.235692 0.835985 0.246501 0.467351 -0.148154
0.555086 -0.151237 0.235798 0.833537 0.252680 0.467201 -0.151958
0.555086 -0.156232 0.235899 0.831021 0.258633 0.467192 -0.155706
0.555086 -0.161226 0.236000 0.828439 0.264362 0.467327 -0.159400
0.555086 -0.166221 0.236106 0.825793 0.269866 0.467606 -0.163045
0.555086 -0.171215 0.236213 0.823085 0.275147 0.468032 -0.166644
0.555086 -0.176209 0.236322 0.820321 0.280211 0.468601 -0.170202
0.555086 -0.181203 0.236432 0.817504 0.285061 0.469307 -0.173722
0.555086 -0.186198 0.236541 0.814639 0.289704 0.470142 -0.177205
0.555086 -0.191192 0.236646 0.811731 0.294148 0.471098 -0.180655
0.555086 -0.196186 0.236749 0.808785 0.298401 0.472165 -0.184072
0.555086 -0.201181 0.236849 0.805806 0.302470 0.473337 -0.187460
0.555034 -0.206174 0.236913 0.802783 0.306402 0.474591 -0.190842
0.551122 -0.208010 0.234419 0.799720 0.310206 0.475919 -0.194219
0.547003 -0.208791 0.231759 0.796912 0.313153 0.477491 -0.197151
0.542662 -0.209095 0.229308 0.794139 0.315840 0.479160 -0.199985
0.538314 -0.209598 0.226905 0.791215 0.318750 0.480796 -0.203010
0.533895 -0.210321 0.224692 0.788112 0.321957 0.482365 -0.206269
0.529460 -0.211084 0.222525 0.784919 0.325249 0.483910 -0.209634
0.524895 -0.211847 0.220652 0.781612 0.328692 0.485402 -0.213141
0.520283 -0.212610 0.218892 0.778222 0.332224 0.486845 -0.216749
0.515613 -0.213172 0.217212 0.774825 0.335675 0.488278 -0.220349
0.515086 -0.208468 0.216977 0.775091 0.330593 0.492111 -0.218563
0.515086 -0.203473 0.216927 0.775679 0.324671 0.496156 -0.216192
0.515086 -0.198478 0.216877 0.776273 0.318652 0.500194 -0.213698
0.515086 -0.193482 0.216825 0.776877 0.312538 0.504212 -0.211076
0.515086 -0.188487 0.216771 0.777496 0.306329 0.508199 -0.208320
0.515086 -0.183492 0.216716 0.778133 0.300028 0.512144 -0.205428
0.515086 -0.178497 0.216659 0.778794 0.293635 0.516037 -0.202395
0.515086 -0.173502 0.216602 0.779485 0.287152 0.519865 -0.199217
0.515086 -0.168507 0.216546 0.780209 0.280580 0.523617 -0.195890
0.515086 -0.163512 0.216487 0.780972 0.273919 0.527284 -0.192413
0.515086 -0.158516 0.216430 0.781776 0.267167 0.530857 -0.188782
0.515086 -0.153521 0.216370 0.782624 0.260323 0.534330 -0.184996
0.515086 -0.148526 0.216312 0.783517 0.253385 0.537695 -0.181054
0.515086 -0.143531 0.216256 0.784457 0.246350 0.540950 -0.176954
0.515086 -0.138536 0.216200 0.785442 0.239216 0.544089 -0.172697
0.515086 -0.133541 0.216148 0.786472 0.231978 0.547110 -0.168282
0.515086 -0.128546 0.216096 0.787542 0.224632 0.550015 -0.163712
0.515086 -0.123550 0.216044 0.788650 0.217174 0.552803 -0.158986
0.515086 -0.118555 0.215992 0.789789 0.209600 0.555474 -0.154107
0.515086 -0.113560 0.215941 0.790957 0.201907 0.558030 -0.149077
0.515086 -0.108565 0.215886 0.792146 0.194091 0.560470 -0.143897
0.515086 -0.103570 0.215829 0.793352 0.186149 0.562797 -0.138570
0.515086 -0.098575 0.215766 0.794566 0.178079 0.565011 -0.133100
0.515086 -0.093580 0.215703 0.795783 0.169879 0.567113 -0.127488
0.515086 -0.088585 0.215639 0.796996 0.161549 0.569104 -0.121738
0.515086 -0.083589 0.215580 0.798197 0.153089 0.570984 -0.115854
0.515086 -0.078594 0.215525 0.799379 0.144498 0.572755 -0.109841
0.515086 -0.073599 0.215476 0.800535 0.135778 0.574416 -0.103703
0.515086 -0.068604 0.215428 0.801655 0.126932 0.575970 -0.097445
0.515086 -0.063609 0.215379 0.802734 0.117962 0.577416 -0.091073
0.515086 -0.058613 0.215330 0.803762 0.108872 0.578755 -0.084592
0.515086 -0.053618 0.215280 0.804732 0.099667 0.579989 -0.078011
0.515086 -0.048623 0.215231 0.805636 0.090354 0.581118 -0.071334
0.515086 -0.043628 0.215182 0.806467 0.080938 0.582144 -0.064570
0.515086 -0.038632 0.215135 0.807216 0.071429 0.583068 -0.057725
0.515086 -0.033637 0.215089 0.807877 0.061834 0.583891 -0.050810
0.515086 -0.028642 0.215041 0.808443 0.052163 0.584617 -0.043830
0.515086 -0.023647 0.214992 0.808908 0.042427 0.585247 -0.036796
0.515086 -0.018652 0.214942 0.809265 0.032638 0.585783 -0.029717
0.515086 -0.013656 0.214891 0.809509 0.022806 0.586229 -0.022601
0.515086 -0.008661 0.214840 0.809636 0.012945 0.586586 -0.015458
0.515086 -0.003666 0.214792 0.809642 0.003068 0.586858 -0.008297
0.515086 0.001329 0.214745 0.809525 -0.006813 0.587045 -0.001128
0.515086 0.006325 0.214697 0.809283 -0.016684 0.587151 0.006039
0.515086 0.011320 0.214648 0.808916 -0.026531 0.587177 0.013195
0.515086 0.016315 0.214600 0.808424 -0.036341 0.587126 0.020331
0.515086 0.021310 0.214552 0.807807 -0.046101 0.587000 0.027437
0.515086 0.026305 0.214505 0.807069 -0.055797 0.586801 0.034505
0.515086 0.031301 0.214457 0.806213 -0.065417 0.586529 0.041526
0.515086 0.036296 0.214406 0.805242 -0.074949 0.586189 0.048493
0.515086 0.041291 0.214354 0.804159 -0.084382 0.585780 0.055397
0.515086 0.046286 0.214296 0.802971 -0.093705 0.585307 0.062231
0.515086 0.051281 0.214240 0.801682 -0.102909 0.584770 0.068989
0.515086 0.056277 0.214184 0.800297 -0.111984 0.584174 0.075663
0.515086 0.061272 0.214135 0.798822 -0.120923 0.583520 0.082249
0.515086 0.066267 0.214088 0.797262 -0.129718 0.582814 0.088742
0.515086 0.071262 0.214046 0.795622 -0.138363 0.582057 0.095135
0.515086 0.076258 0.214004 0.793909 -0.146852 0.581254 0.101425
0.515086 0.081253 0.213958 0.792128 -0.155182 0.580407 0.107608
0.515086 0.086248 0.213909 0.790286 -0.163347 0.579519 0.113682
0.515086 0.091243 0.213851 0.788388 -0.171344 0.578595 0.119643
0.515086 0.096238 0.213795 0.786439 -0.179172 0.577636 0.125490
0.515086 0.101233 0.213732 0.784446 -0.186828 0.576646 0.131221
0.515086 0.106228 0.213671 0.782413 -0.194311 0.575629 0.136835
0.515086 0.111224 0.213612 0.780347 -0.201621 0.574587 0.142331
0.515086 0.116219 0.213561 0.778250 -0.208757 0.573524 0.147709
0.515086 0.121214 0.213516 0.776128 -0.215721 0.572442 0.152969
0.515086 0.126209 0.213480 0.773986 -0.222513 0.571344 0.158112
0.515086 0.131205 0.213447 0.771828 -0.229135 0.570233 0.163137
0.515086 0.136200 0.213414 0.769658 -0.235588 0.569110 0.168046
0.515086 0.141195 0.213378 0.767480 -0.241877 0.567976 0.172840
0.515086 0.146191 0.213337 0.765299 -0.248002 0.566834 0.177519
0.515086 0.151186 0.213291 0.763116 -0.253966 0.565686 0.182085
0.515086 0.156181 0.213242 0.760935 -0.259772 0.564534 0.186541
0.515086 0.161176 0.213190 0.758758 -0.265423 0.563381 0.190889
0.515086 0.166172 0.213138 0.756587 -0.270920 0.562230 0.195131
0.515086 0.171167 0.213085 0.754423 -0.276266 0.561084 0.199270
0.515086 0.176162 0.213032 0.752266 -0.281464 0.559946 0.203308
0.515086 0.181157 0.212982 0.750117 -0.286517 0.558820 0.207249
0.515086 0.186152 0.212931 0.747976 -0.291427 0.557711 0.211095
0.515086 0.191148 0.212884 0.745843 -0.296195 0.556621 0.214849
0.515086 0.196143 0.212833 0.743717 -0.300825 0.555554 0.218516
0.515086 0.201138 0.212780 0.741598 -0.305319 0.554513 0.222097
0.515086 0.206133 0.212723 0.739486 -0.309678 0.553503 0.225598
0.515086 0.211128 0.212663 0.737380 -0.313905 0.552525 0.229021
0.515086 0.216123 0.212604 0.735280 -0.318001 0.551583 0.232370
0.515086 0.221118 0.212545 0.733184 -0.321968 0.550679 0.235649
0.515086 0.226114 0.212490 0.731092 -0.325809 0.549817 0.238861
0.515086 0.231109 0.212435 0.729002 -0.329525 0.548999 0.242012
0.515086 0.236104 0.212377 0.726913 -0.333118 0.548228 0.245102
0.515086 0.241099 0.212314 0.724825 -0.336589 0.547507 0.248138
0.515086 0.246094 0.212256 0.722735 -0.339941 0.546838 0.251121
0.515086 0.251089 0.212195 0.720642 -0.343174 0.546224 0.254057
0.515086 0.256084 0.212149 0.718545 -0.346291 0.545667 0.256948
0.515086 0.261080 0.212127 0.716442 -0.349293 0.545170 0.259798
0.515086 0.266075 0.212118 0.714332 -0.352180 0.544733 0.262610
0.515086 0.271071 0.212085 0.712213 -0.354956 0.544360 0.265389
0.515086 0.276066 0.212046 0.710084 -0.357620 0.544051 0.268137
0.515086 0.281061 0.212009 0.707942 -0.360173 0.543810 0.270857
0.515086 0.286056 0.211971 0.705786 -0.362618 0.543639 0.273554
0.515086 0.291052 0.211931 0.703612 -0.364954 0.543540 0.276231
0.515086 0.296047 0.211890 0.701420 -0.367182 0.543514 0.278892
0.515086 0.301042 0.211819 0.699208 -0.369305 0.543561 0.281538
0.515086 0.306037 0.211771 0.696976 -0.371324 0.543681 0.284172
0.515086 0.311033 0.211763 0.694724 -0.373242 0.543873 0.286795
0.515086 0.316028 0.211731 0.692452 -0.375063 0.544133 0.289409
0.515086 0.321023 0.211691 0.690162 -0.376789 0.544458 0.292013
0.515086 0.326019 0.211649 0.687856 -0.378426 0.544844 0.294608
0.515086 0.331014 0.211607 0.685535 -0.379975 0.545285 0.297194
0.515086 0.336009 0.211568 0.683203 -0.381443 0.545778 0.299769
0.515086 0.341004 0.211530 0.680860 -0.382831 0.546318 0.302334
0.515086 0.346000 0.211493 0.678512 -0.384147 0.546897 0.304887
0.515086 0.350995 0.211456 0.676160 -0.385392 0.547512 0.307427
0.515086 0.355990 0.211419 0.673808 -0.386573 0.548155 0.309952
0.515086 0.360986 0.211383 0.671458 -0.387694 0.548823 0.312460
0.512308 0.363158 0.210674 0.668673 -0.389517 0.549151 0.315572
0.507438 0.363023 0.209575 0.665566 -0.391842 0.549218 0.319126
0.502552 0.362776 0.208576 0.662438 -0.394155 0.549258 0.322698
0.497666 0.362173 0.207735 0.659352 -0.396358 0.549316 0.326201
0.492788 0.361423 0.206971 0.656268 -0.398532 0.549350 0.329696
0.487943 0.360392 0.206336 0.653229 -0.400616 0.549388 0.333125
0.483132 0.359189 0.205734 0.650214 -0.402654 0.549405 0.336520
0.478306 0.357989 0.205260 0.647167 -0.404750 0.549344 0.339961
0.475086 0.355524 0.204954 0.645110 -0.405285 0.550063 0.342063
0.475086 0.350529 0.204963 0.645103 -0.402601 0.552462 0.341380
0.475086 0.345533 0.204971 0.645137 -0.399899 0.554845 0.340627
0.475086 0.340538 0.204979 0.645215 -0.397183 0.557207 0.339800
0.475086 0.335542 0.204991 0.645343 -0.394452 0.559545 0.338894
0.475086 0.330547 0.205004 0.645526 -0.391709 0.561854 0.337907
0.475086 0.325551 0.205022 0.645769 -0.388953 0.564129 0.336833
0.475086 0.320556 0.205038 0.646077 -0.386188 0.566365 0.335670
0.475086 0.315561 0.205055 0.646454 -0.383411 0.568560 0.334412
0.475086 0.310565 0.205070 0.646904 -0.380624 0.570712 0.333059
0.475086 0.305570 0.205086 0.647429 -0.377824 0.572819 0.331606
0.475086 0.300574 0.205104 0.648032 -0.375011 0.574879 0.330053
0.475086 0.295579 0.205120 0.648713 -0.372181 0.576895 0.328398
0.475086 0.290583 0.205135 0.649474 -0.369330 0.578866 0.326640
0.475086 0.285588 0.205149 0.650314 -0.366456 0.580793 0.324778
0.475086 0.280593 0.205162 0.651233 -0.363555 0.582679 0.322812
0.475086 0.275597 0.205175 0.652232 -0.360621 0.584525 0.320742
0.475086 0.270602 0.205193 0.653309 -0.357651 0.586335 0.318566
0.475086 0.265606 0.205209 0.654462 -0.354640 0.588110 0.316286
0.475086 0.260611 0.205225 0.655690 -0.351582 0.589855 0.313899
0.475086 0.255615 0.205237 0.656989 -0.348472 0.591573 0.311407
0.475086 0.250620 0.205246 0.658360 -0.345304 0.593267 0.308808
0.475086 0.245624 0.205260 0.659798 -0.342074 0.594940 0.306102
0.475086 0.240629 0.205276 0.661304 -0.338775 0.596595 0.303288
0.475086 0.235634 0.205298 0.662873 -0.335402 0.598235 0.300365
0.475086 0.230638 0.205321 0.664505 -0.331950 0.599864 0.297331
0.475086 0.225643 0.205348 0.666197 -0.328412 0.601483 0.294186
0.475086 0.220647 0.205374 0.667946 -0.324782 0.603097 0.290928
0.475086 0.215652 0.205398 0.669750 -0.321055 0.604707 0.287555
0.475086 0.210657 0.205414 0.671607 -0.317223 0.606317 0.284066
0.475086 0.205661 0.205426 0.673512 -0.313282 0.607930 0.280458
0.475086 0.200666 0.205431 0.675464 -0.309224 0.609549 0.276730
0.475086 0.195670 0.205436 0.677458 -0.305043 0.611176 0.272879
0.475086 0.190675 0.205447 0.679493 -0.300731 0.612814 0.268903
0.475086 0.185679 0.205461 0.681563 -0.296284 0.614466 0.264799
0.475086 0.180684 0.205483 0.683666 -0.291694 0.616134 0.260565
0.475086 0.175688 0.205507 0.685798 -0.286956 0.617819 0.256196
0.475086 0.170693 0.205531 0.687956 -0.282061 0.619524 0.251690
0.475086 0.165698 0.205549 0.690135 -0.277005 0.621249 0.247044
0.475086 0.160702 0.205566 0.692335 -0.271782 0.622993 0.242253
0.475086 0.155707 0.205577 0.694551 -0.266385 0.624756 0.237312
0.475086 0.150711 0.205585 0.696781 -0.260811 0.626537 0.232219
0.475086 0.145716 0.205592 0.699023 -0.255052 0.628332 0.226968
0.475086 0.140720 0.205600 0.701272 -0.249106 0.630141 0.221555
0.475086 0.135725 0.205607 0.703527 -0.242966 0.631959 0.215974
0.475086 0.130730 0.205614 0.705783 -0.236630 0.633785 0.210223
0.475086 0.125734 0.205619 0.708036 -0.230093 0.635614 0.204297
0.475086 0.120739 0.205628 0.710284 -0.223351 0.637441 0.198191
0.475086 0.115743 0.205640 0.712522 -0.216402 0.639262 0.191903
0.475086 0.110748 0.205662 0.714746 -0.209241 0.641071 0.185430
0.475086 0.105752 0.205688 0.716952 -0.201868 0.642861 0.178769
0.475086 0.100757 0.205714 0.719135 -0.194280 0.644627 0.171918
0.475086 0.095762 0.205740 0.721289 -0.186476 0.646363 0.164876
0.475086 0.090766 0.205762 0.723408 -0.178455 0.648061 0.157643
0.475086 0.085771 0.205784 0.725487 -0.170219 0.649714 0.150219
0.475086 0.080775 0.205804 0.727518 -0.161769 0.651316 0.142605
0.475086 0.075780 0.205823 0.729495 -0.153107 0.652858 0.134803
0.475086 0.070784 0.205841 0.731411 -0.144237 0.654332 0.126818
0.475086 0.065789 0.205856 0.733259 -0.135163 0.655731 0.118653
0.475086 0.060794 0.205870 0.735032 -0.125892 0.657046 0.110314
0.475086 0.055798 0.205882 0.736723 -0.116431 0.658270 0.101808
0.475086 0.050803 0.205895 0.738323 -0.106788 0.659393 0.093143
0.475086 0.045807 0.205918 0.739827 -0.096974 0.660409 0.084330
0.475086 0.040812 0.205941 0.741228 -0.086999 0.661310 0.075377
0.475086 0.035816 0.205970 0.742519 -0.076877 0.662088 0.066298
0.475086 0.030821 0.205997 0.743694 -0.066619 0.662737 0.057106
0.475086 0.025826 0.206021 0.744747 -0.056242 0.663252 0.047815
0.475086 0.020830 0.206045 0.745671 -0.045761 0.663628 0.038441
0.475086 0.015835 0.206067 0.746462 -0.035193 0.663864 0.029000
0.475086 0.010839 0.206091 0.747114 -0.024557 0.663955 0.019508
0.475086 0.005844 0.206113 0.747625 -0.013869 0.663901 0.009983
0.475086 0.000849 0.206129 0.747990 -0.003150 0.663702 0.000443
0.475086 -0.004147 0.206144 0.748209 0.007582 0.663357 -0.009094
0.475086 -0.009142 0.206150 0.748281 0.018307 0.662868 -0.018611
0.475086 -0.014138 0.206157 0.748205 0.029005 0.662238 -0.028088
0.475086 -0.019133 0.206167 0.747982 0.039658 0.661470 -0.037509
0.475086 -0.024129 0.206180 0.747616 0.050247 0.660568 -0.046858
0.475086 -0.029124 0.206197 0.747107 0.060754 0.659539 -0.056117
0.475086 -0.034119 0.206215 0.746458 0.071160 0.658389 -0.065273
0.475086 -0.039115 0.206235 0.745674 0.081451 0.657125 -0.074311
0.475086 -0.044110 0.206255 0.744759 0.091609 0.655757 -0.083218
0.475086 -0.049106 0.206275 0.743717 0.101621 0.654292 -0.091983
0.475086 -0.054101 0.206298 0.742553 0.111473 0.652740 -0.100596
0.475086 -0.059097 0.206319 0.741272 0.121152 0.651112 -0.109048
0.475086 -0.064092 0.206342 0.739880 0.130650 0.649417 -0.117331
0.475086 -0.069087 0.206363 0.738383 0.139955 0.647664 -0.125438
0.475086 -0.074083 0.206384 0.736787 0.149059 0.645864 -0.133366
0.475086 -0.079078 0.206403 0.735097 0.157956 0.644026 -0.141111
0.475086 -0.084074 0.206421 0.733320 0.166639 0.642161 -0.148670
0.475086 -0.089069 0.206435 0.731461 0.175104 0.640277 -0.156041
0.475086 -0.094065 0.206448 0.729527 0.183347 0.638383 -0.163225
0.475086 -0.099060 0.206461 0.727521 0.191364 0.636488 -0.170222
0.475086 -0.104055 0.206475 0.725450 0.199156 0.634601 -0.177035
0.475086 -0.109051 0.206496 0.723318 0.206720 0.632729 -0.183664
0.475086 -0.114046 0.206520 0.721130 0.214057 0.630879 -0.190114
0.475086 -0.119042 0.206549 0.718889 0.221167 0.629059 -0.196387
0.475086 -0.124037 0.206577 0.716601 0.228052 0.627275 -0.202489
0.475086 -0.129032 0.206605 0.714269 0.234713 0.625532 -0.208423
0.475086 -0.134028 0.206630 0.711896 0.241153 0.623835 -0.214195
0.475086 -0.139023 0.206654 0.709485 0.247375 0.622190 -0.219809
0.475086 -0.144019 0.206676 0.707040 0.253382 0.620600 -0.225272
0.475086 -0.149014 0.206696 0.704562 0.259176 0.619071 -0.230590
0.475086 -0.154009 0.206708 0.702053 0.264762 0.617605 -0.235768
0.475086 -0.159005 0.206719 0.699516 0.270143 0.616206 -0.240812
0.475086 -0.164000 0.206727 0.696951 0.275322 0.614878 -0.245728
0.475086 -0.168996 0.206739 0.694360 0.280304 0.613622 -0.250524
0.475086 -0.173991 0.206755 0.691746 0.285093 0.612439 -0.255203
0.475086 -0.178987 0.206778 0.689110 0.289695 0.611329 -0.259771
0.475086 -0.183982 0.206807 0.686455 0.294115 0.610293 -0.264233
0.475086 -0.188977 0.206835 0.683783 0.298357 0.609328 -0.268594
0.475086 -0.193973 0.206862 0.681099 0.302428 0.608433 -0.272857
0.475086 -0.198968 0.206882 0.678404 0.306334 0.607605 -0.277028
0.475086 -0.203964 0.206901 0.675703 0.310081 0.606840 -0.281108
0.475086 -0.208959 0.206919 0.672998 0.313674 0.606135 -0.285102
0.475086 -0.213955 0.206938 0.670293 0.317119 0.605487 -0.289012
0.475086 -0.218950 0.206960 0.667591 0.320423 0.604893 -0.292842
0.473445 -0.220003 0.206708 0.665547 0.322245 0.604948 -0.295370
0.468541 -0.220739 0.206099 0.662078 0.326885 0.603735 -0.300504
0.463607 -0.221220 0.205521 0.658584 0.331419 0.602530 -0.305591
0.458636 -0.221362 0.205068 0.655095 0.335802 0.601351 -0.310587
0.453672 -0.221058 0.204675 0.651669 0.339931 0.600250 -0.315396
0.448722 -0.220457 0.204376 0.648260 0.343913 0.599176 -0.320110
0.443776 -0.219795 0.204158 0.644776 0.347928 0.598042 -0.324894
0.438827 -0.219134 0.204005 0.641191 0.352024 0.596816 -0.329793
0.435086 -0.217348 0.203957 0.638628 0.354188 0.596547 -0.332921
0.435086 -0.212352 0.203942 0.639419 0.350257 0.599442 -0.330353
0.435086 -0.207357 0.203930 0.640244 0.346213 0.602383 -0.327657
0.435086 -0.202361 0.203922 0.641108 0.342053 0.605367 -0.324824
0.435086 -0.197366 0.203915 0.642015 0.337774 0.608392 -0.321847
0.435086 -0.192370 0.203908 0.642968 0.333371 0.611455 -0.318715
0.435086 -0.187375 0.203902 0.643972 0.328840 0.614552 -0.315420
0.435086 -0.182379 0.203895 0.645030 0.324177 0.617681 -0.311954
0.435086 -0.177384 0.203888 0.646147 0.319375 0.620839 -0.308307
0.435086 -0.172388 0.203879 0.647326 0.314430 0.624021 -0.304469
0.435086 -0.167393 0.203871 0.648571 0.309334 0.627224 -0.300430
0.435086 -0.162398 0.203869 0.649886 0.304081 0.630444 -0.296181
0.435086 -0.157402 0.203873 0.651272 0.298664 0.633678 -0.291712
0.435086 -0.152407 0.203887 0.652732 0.293073 0.636925 -0.287013
0.435086 -0.147411 0.203904 0.654264 0.287299 0.640181 -0.282074
0.435086 -0.142416 0.203910 0.655870 0.281334 0.643444 -0.276885
0.435086 -0.137420 0.203912 0.657548 0.275166 0.646712 -0.271437
0.435086 -0.132425 0.203899 0.659295 0.268785 0.649983 -0.265719
0.435086 -0.127429 0.203887 0.661109 0.262180 0.653253 -0.259723
0.435086 -0.122434 0.203874 0.662985 0.255341 0.656521 -0.253439
0.435086 -0.117439 0.203865 0.664920 0.248256 0.659782 -0.246856
0.435086 -0.112443 0.203858 0.666908 0.240914 0.663031 -0.239965
0.435086 -0.107448 0.203851 0.668944 0.233305 0.666264 -0.232756
0.435086 -0.102452 0.203845 0.671019 0.225418 0.669473 -0.225222
0.435086 -0.097457 0.203836 0.673128 0.217243 0.672653 -0.217354
0.435086 -0.092461 0.203829 0.675259 0.208773 0.675794 -0.209144
0.435086 -0.087466 0.203824 0.677406 0.199999 0.678887 -0.200586
0.435086 -0.082470 0.203821 0.679556 0.190914 0.681921 -0.191675
0.435086 -0.077475 0.203823 0.681699 0.181514 0.684884 -0.182408
0.435086 -0.072479 0.203827 0.683822 0.171795 0.687765 -0.172783
0.435086 -0.067484 0.203833 0.685911 0.161756 0.690548 -0.162801
0.435086 -0.062488 0.203839 0.687951 0.151398 0.693221 -0.152465
0.435086 -0.057493 0.203844 0.689926 0.140724 0.695770 -0.141783
0.435086 -0.052498 0.203847 0.691817 0.129739 0.698182 -0.130764
0.435086 -0.047502 0.203850 0.693606 0.118454 0.700441 -0.119422
0.435086 -0.042507 0.203849 0.695275 0.106881 0.702534 -0.107773
0.435086 -0.037511 0.203847 0.696804 0.095037 0.704448 -0.095836
0.435086 -0.032516 0.203842 0.698178 0.082944 0.706168 -0.083635
0.435086 -0.027520 0.203838 0.699377 0.070626 0.707683 -0.071194
0.435086 -0.022525 0.203835 0.700387 0.058112 0.708980 -0.058545
0.435086 -0.017529 0.203835 0.701193 0.045432 0.710052 -0.045720
0.435086 -0.012534 0.203839 0.701783 0.032621 0.710889 -0.032754
0.435086 -0.007538 0.203859 0.702148 0.019716 0.711486 -0.019684
0.435086 -0.002543 0.203887 0.702279 0.006754 0.711840 -0.006549
0.435086 0.002452 0.203941 0.702173 -0.006223 0.711948 0.006609
0.435086 0.007447 0.203994 0.701829 -0.019178 0.711814 0.019750
0.435086 0.012442 0.204043 0.701247 -0.032070 0.711440 0.032836
0.435086 0.017438 0.204079 0.700431 -0.044861 0.710833 0.045827
0.435086 0.022433 0.204089 0.699390 -0.057513 0.710001 0.058687
0.435086 0.027429 0.204082 0.698131 -0.069992 0.708957 0.071380
0.435086 0.032424 0.204056 0.696665 -0.082266 0.707712 0.083874
0.435086 0.037419 0.204025 0.695004 -0.094305 0.706281 0.096140
0.435086 0.042415 0.203989 0.693163 -0.106084 0.704680 0.108153
0.435086 0.047410 0.203963 0.691156 -0.117581 0.702925 0.119891
0.435086 0.052406 0.203939 0.688999 -0.128777 0.701033 0.131337
0.435086 0.057401 0.203930 0.686705 -0.139657 0.699022 0.142476
0.435086 0.062396 0.203924 0.684292 -0.150209 0.696909 0.153297
0.435086 0.067392 0.203925 0.681773 -0.160424 0.694710 0.163792
0.435086 0.072387 0.203926 0.679163 -0.170297 0.692442 0.173957
0.435086 0.077383 0.203929 0.676476 -0.179825 0.690119 0.183790
0.435086 0.082378 0.203933 0.673725 -0.189008 0.687756 0.193292
0.435086 0.087374 0.203941 0.670925 -0.197847 0.685364 0.202465
0.435086 0.092369 0.203949 0.668089 -0.206347 0.682953 0.211314
0.435086 0.097365 0.203960 0.665228 -0.214513 0.680533 0.219844
0.435086 0.102360 0.203969 0.662354 -0.222352 0.678111 0.228063
0.435086 0.107356 0.203979 0.659475 -0.229871 0.675696 0.235979
0.435086 0.112351 0.203982 0.656602 -0.237082 0.673294 0.243600
0.435086 0.117346 0.203983 0.653741 -0.243993 0.670912 0.250934
0.435086 0.122342 0.203978 0.650898 -0.250615 0.668554 0.257991
0.435086 0.127337 0.203976 0.648080 -0.256960 0.666225 0.264780
0.435086 0.132333 0.203974 0.645292 -0.263038 0.663927 0.271310
0.435086 0.137328 0.203982 0.642539 -0.268861 0.661665 0.277592
0.435086 0.142324 0.203993 0.639823 -0.274439 0.659440 0.283635
0.435086 0.147319 0.204004 0.637147 -0.279782 0.657255 0.289448
0.435086 0.152315 0.204017 0.634515 -0.284902 0.655112 0.295042
0.435086 0.157310 0.204020 0.631927 -0.289808 0.653011 0.300426
0.435086 0.162306 0.204024 0.629386 -0.294510 0.650954 0.305608
0.435086 0.167301 0.204027 0.626892 -0.299019 0.648941 0.310597
0.435086 0.172297 0.204030 0.624445 -0.303341 0.646973 0.315402
0.435086 0.177292 0.204032 0.622046 -0.307487 0.645050 0.320032
0.435086 0.182287 0.204031 0.619695 -0.311465 0.643173 0.324495
0.435086 0.187283 0.204027 0.617391 -0.315281 0.641341 0.328798
0.435086 0.192278 0.204028 0.615134 -0.318943 0.639555 0.332949
0.435086 0.197274 0.204030 0.612922 -0.322459 0.637815 0.336956
0.435086 0.202269 0.204043 0.610756 -0.325835 0.636119 0.340824
0.435086 0.207265 0.204056 0.608634 -0.329077 0.634469 0.344561
0.435086 0.212260 0.204072 0.606555 -0.332193 0.632863 0.348173
0.435086 0.217256 0.204086 0.604518 -0.335186 0.631300 0.351665
0.435086 0.222251 0.204105 0.602522 -0.338064 0.629781 0.355043
0.435086 0.227246 0.204120 0.600567 -0.340832 0.628304 0.358312
0.435086 0.232242 0.204133 0.598648 -0.343493 0.626870 0.361479
0.435086 0.237237 0.204133 0.596765 -0.346052 0.625480 0.364547
0.435086 0.242233 0.204131 0.594913 -0.348512 0.624134 0.367524
0.435086 0.247228 0.204134 0.593091 -0.350877 0.622834 0.370414
0.435086 0.252224 0.204140 0.591296 -0.353150 0.621578 0.373222
0.435086 0.257219 0.204157 0.589527 -0.355333 0.620368 0.375953
0.435086 0.262215 0.204172 0.587780 -0.357428 0.619203 0.378612
0.435086 0.267210 0.204177 0.586054 -0.359439 0.618084 0.381204
0.435086 0.272206 0.204178 0.584346 -0.361367 0.617011 0.383733
0.435086 0.277201 0.204176 0.582654 -0.363214 0.615984 0.386203
0.435086 0.282196 0.204184 0.580976 -0.364982 0.615004 0.388618
0.435086 0.287192 0.204199 0.579310 -0.366673 0.614071 0.390983
0.435086 0.292187 0.204215 0.577655 -0.368290 0.613183 0.393299
0.435086 0.297183 0.204229 0.576009 -0.369833 0.612341 0.395571
0.435086 0.302178 0.204227 0.574371 -0.371306 0.611543 0.397800
0.435086 0.307174 0.204224 0.572741 -0.372711 0.610789 0.399988
0.435086 0.312169 0.204217 0.571119 -0.374049 0.610077 0.402139
0.435086 0.317165 0.204212 0.569505 -0.375324 0.609405 0.404253
0.435086 0.322160 0.204210 0.567900 -0.376539 0.608772 0.406331
0.435086 0.327155 0.204211 0.566304 -0.377695 0.608174 0.408375
0.435086 0.332151 0.204215 0.564719 -0.378798 0.607610 0.410384
0.435086 0.337146 0.204224 0.563147 -0.379848 0.607076 0.412359
0.435086 0.342142 0.204235 0.561587 -0.380850 0.606572 0.414300
0.434319 0.346558 0.204298 0.559783 -0.382185 0.605811 0.416618
0.429363 0.346359 0.204596 0.556818 -0.385178 0.603786 0.420753
0.424461 0.345469 0.204957 0.553959 -0.387968 0.601873 0.424688
0.419557 0.344603 0.205345 0.551047 -0.390787 0.599896 0.428670
0.414657 0.343741 0.205800 0.548091 -0.393623 0.597862 0.432687
0.409759 0.342882 0.206268 0.545090 -0.396480 0.595766 0.436741
0.404870 0.342029 0.206840 0.542050 -0.399351 0.593612 0.440823
0.400043 0.340926 0.207416 0.539042 -0.402145 0.591473 0.444829
0.395327 0.339412 0.208066 0.536117 -0.404798 0.589403 0.448688
0.395086 0.334478 0.208076 0.536173 -0.403501 0.590618 0.448192
0.395086 0.329482 0.208057 0.536398 -0.401994 0.592003 0.447448
0.395086 0.324487 0.208039 0.536652 -0.400466 0.593403 0.446660
0.395086 0.319491 0.208028 0.536936 -0.398918 0.594816 0.445823
0.395086 0.314496 0.208014 0.537255 -0.397349 0.596242 0.444935
0.395086 0.309500 0.208000 0.537609 -0.395759 0.597680 0.443993
0.395086 0.304505 0.207984 0.538003 -0.394148 0.599130 0.442993
0.395086 0.299509 0.207968 0.538439 -0.392517 0.600590 0.441933
0.395086 0.294514 0.207953 0.538921 -0.390865 0.602061 0.440807
0.395086 0.289519 0.207940 0.539450 -0.389189 0.603543 0.439615
0.395086 0.284523 0.207931 0.540030 -0.387490 0.605035 0.438352
0.395086 0.279528 0.207925 0.540661 -0.385765 0.606538 0.437016
0.395086 0.274532 0.207916 0.541347 -0.384011 0.608053 0.435604
0.395086 0.269537 0.207900 0.542089 -0.382227 0.609581 0.434113
0.395086 0.264541 0.207868 0.542887 -0.380409 0.611123 0.432540
0.395086 0.259546 0.207837 0.543744 -0.378555 0.612681 0.430883
0.395086 0.254551 0.207798 0.544659 -0.376659 0.614259 0.429139
0.395086 0.249555 0.207768 0.545633 -0.374718 0.615858 0.427306
0.395086 0.244560 0.207739 0.546665 -0.372727 0.617482 0.425380
0.395086 0.239565 0.207717 0.547757 -0.370682 0.619133 0.423358
0.395086 0.234569 0.207693 0.548907 -0.368576 0.620815 0.421238
0.395086 0.229574 0.207673 0.550118 -0.366406 0.622531 0.419014
0.395086 0.224578 0.207649 0.551389 -0.364165 0.624283 0.416683
0.395086 0.219583 0.207629 0.552722 -0.361848 0.626075 0.414241
0.395086 0.214588 0.207609 0.554119 -0.359449 0.627908 0.411680
0.395086 0.209592 0.207590 0.555581 -0.356962 0.629786 0.408997
0.395086 0.204597 0.207569 0.557109 -0.354380 0.631711 0.406184
0.395086 0.199601 0.207546 0.558706 -0.351697 0.633687 0.403234
0.395086 0.194606 0.207521 0.560372 -0.348905 0.635717 0.400140
0.395086 0.189610 0.207494 0.562110 -0.345996 0.637805 0.396893
0.395086 0.184615 0.207466 0.563920 -0.342963 0.639953 0.393486
0.395086 0.179620 0.207438 0.565806 -0.339794 0.642165 0.389907
0.395086 0.174624 0.207414 0.567770 -0.336481 0.644443 0.386148
0.395086 0.169629 0.207392 0.569814 -0.333013 0.646792 0.382197
0.395086 0.164633 0.207376 0.571941 -0.329377 0.649213 0.378044
0.395086 0.159638 0.207363 0.574152 -0.325561 0.651711 0.373674
0.395086 0.154643 0.207348 0.576449 -0.321552 0.654289 0.369075
0.395086 0.149647 0.207328 0.578834 -0.317336 0.656950 0.364232
0.395086 0.144652 0.207304 0.581310 -0.312896 0.659698 0.359129
0.395086 0.139656 0.207275 0.583877 -0.308217 0.662535 0.353747
0.395086 0.134661 0.207246 0.586537 -0.303281 0.665465 0.348068
0.395086 0.129666 0.207221 0.589291 -0.298071 0.668489 0.342072
0.395086 0.124670 0.207197 0.592141 -0.292566 0.671607 0.335735
0.395086 0.119675 0.207178 0.595088 -0.286744 0.674822 0.329034
0.395086 0.114679 0.207160 0.598130 -0.280584 0.678133 0.321945
0.395086 0.109684 0.207145 0.601269 -0.274060 0.681538 0.314440
0.395086 0.104688 0.207131 0.604502 -0.267150 0.685033 0.306492
0.395086 0.099693 0.207119 0.607826 -0.259825 0.688616 0.298071
0.395086 0.094698 0.207107 0.611238 -0.252058 0.692278 0.289147
0.395086 0.089702 0.207095 0.614730 -0.243821 0.696012 0.279687
0.395086 0.084707 0.207077 0.618295 -0.235085 0.699806 0.269661
0.395086 0.079711 0.207058 0.621919 -0.225822 0.703648 0.259038
0.395086 0.074716 0.207035 0.625588 -0.216002 0.707521 0.247785
0.395086 0.069720 0.207013 0.629282 -0.205599 0.711404 0.235876
0.395086 0.064725 0.206992 0.632979 -0.194588 0.715274 0.223284
0.395086 0.059730 0.206977 0.636653 -0.182948 0.719102 0.209988
0.395086 0.054734 0.206965 0.640273 -0.170664 0.722855 0.195971
0.395086 0.049739 0.206956 0.643806 -0.157726 0.726494 0.181227
0.395086 0.044743 0.206944 0.647213 -0.144133 0.729977 0.165756
0.395086 0.039748 0.206928 0.650452 -0.129894 0.733259 0.149570
0.395086 0.034752 0.206908 0.653479 -0.115030 0.736292 0.132695
0.395086 0.029757 0.206887 0.656248 -0.099574 0.739026 0.115171
0.395086 0.024762 0.206864 0.658715 -0.083573 0.741412 0.097052
0.395086 0.019766 0.206841 0.660835 -0.067089 0.743403 0.078410
0.395086 0.014771 0.206817 0.662570 -0.050198 0.744957 0.059332
0.395086 0.009775 0.206792 0.663886 -0.032988 0.746039 0.039917
0.395086 0.004780 0.206769 0.664758 -0.015558 0.746621 0.020275
0.395086 -0.000215 0.206747 0.665171 0.001986 0.746688 0.000527
0.395086 -0.005211 0.206729 0.665118 0.019534 0.746236 -0.019204
0.395086 -0.010206 0.206710 0.664604 0.036978 0.745271 -0.038795
0.395086 -0.015202 0.206691 0.663645 0.054210 0.743813 -0.058128
0.395086 -0.020197 0.206671 0.662263 0.071134 0.741892 -0.077094
0.395086 -0.025193 0.206652 0.660491 0.087661 0.739547 -0.095596
0.395086 -0.030188 0.206634 0.658364 0.103715 0.736821 -0.113551
0.395086 -0.035183 0.206622 0.655925 0.119233 0.733766 -0.130891
0.395086 -0.040179 0.206607 0.653216 0.134169 0.730432 -0.147567
0.395086 -0.045174 0.206590 0.650279 0.148487 0.726872 -0.163542
0.395086 -0.050170 0.206567 0.647155 0.162165 0.723136 -0.178795
0.395086 -0.055165 0.206539 0.643882 0.175193 0.719271 -0.193320
0.395086 -0.060161 0.206513 0.640497 0.187570 0.715320 -0.207118
0.395086 -0.065156 0.206487 0.637031 0.199303 0.711323 -0.220203
0.395086 -0.070151 0.206470 0.633512 0.210406 0.707314 -0.232592
0.395086 -0.075147 0.206454 0.629965 0.220898 0.703321 -0.244310
0.395086 -0.080142 0.206443 0.626412 0.230802 0.699369 -0.255384
0.395086 -0.085138 0.206434 0.622869 0.240143 0.695479 -0.265846
0.395086 -0.090133 0.206427 0.619350 0.248947 0.691668 -0.275729
0.395086 -0.095129 0.206418 0.615867 0.257241 0.687949 -0.285064
0.395086 -0.100124 0.206409 0.612426 0.265051 0.684334 -0.293885
0.395086 -0.105119 0.206396 0.609035 0.272406 0.680831 -0.302225
0.395086 -0.110115 0.206381 0.605697 0.279331 0.677446 -0.310116
0.395086 -0.115110 0.206361 0.602415 0.285850 0.674184 -0.317586
0.395086 -0.120106 0.206341 0.599191 0.291988 0.671048 -0.324666
0.395086 -0.125101 0.206320 0.596024 0.297767 0.668039 -0.331382
0.395086 -0.130097 0.206303 0.592914 0.303209 0.665157 -0.337762
0.395086 -0.135092 0.206290 0.589860 0.308332 0.662403 -0.343829
0.395086 -0.140088 0.206278 0.586859 0.313155 0.659777 -0.349607
0.395086 -0.145083 0.206268 0.583910 0.317695 0.657276 -0.355117
0.395086 -0.150078 0.206257 0.581008 0.321969 0.654899 -0.360378
0.395086 -0.155074 0.206248 0.578152 0.325992 0.652645 -0.365410
0.395086 -0.160069 0.206237 0.575338 0.329776 0.650510 -0.370230
0.395086 -0.165065 0.206227 0.572564 0.333336 0.648492 -0.374853
0.395086 -0.170060 0.206220 0.569828 0.336684 0.646588 -0.379293
0.395086 -0.175056 0.206212 0.567129 0.339832 0.644793 -0.383564
0.395086 -0.180051 0.206199 0.564464 0.342790 0.643103 -0.387678
0.395086 -0.185047 0.206179 0.561832 0.345570 0.641514 -0.391644
0.395086 -0.190042 0.206155 0.559234 0.348181 0.640022 -0.395473
0.395086 -0.195037 0.206128 0.556669 0.350635 0.638621 -0.399172
0.395086 -0.200033 0.206101 0.554138 0.352940 0.637306 -0.402749
0.395086 -0.205028 0.206074 0.551642 0.355105 0.636070 -0.406210
0.395086 -0.210024 0.206049 0.549181 0.357140 0.634910 -0.409562
0.393281 -0.213036 0.206213 0.546104 0.360043 0.633070 -0.413959
0.388361 -0.212373 0.206774 0.541910 0.364529 0.629961 -0.420240
0.383444 -0.211715 0.207360 0.537593 0.369064 0.626718 -0.426627
0.378539 -0.211058 0.208043 0.533163 0.373632 0.623344 -0.433103
0.373638 -0.210402 0.208747 0.528614 0.378241 0.619830 -0.439673
0.368749 -0.209748 0.209541 0.523957 0.382876 0.616178 -0.446319
0.363867 -0.209095 0.210369 0.519188 0.387541 0.612379 -0.453042
0.358999 -0.208444 0.211281 0.514318 0.392225 0.608438 -0.459826
0.355086 -0.206760 0.212031 0.510421 0.395545 0.605613 -0.465025
0.355086 -0.201764 0.212057 0.510733 0.393407 0.607722 -0.463742
0.355086 -0.196769 0.212083 0.511097 0.391203 0.609887 -0.462360
0.355086 -0.191773 0.212110 0.511520 0.388929 0.612110 -0.460871
0.355086 -0.186778 0.212140 0.512007 0.386580 0.614394 -0.459266
0.355086 -0.181783 0.212173 0.512564 0.384154 0.616739 -0.457533
0.355086 -0.176787 0.212210 0.513198 0.381644 0.619151 -0.455662
0.355086 -0.171792 0.212254 0.513915 0.379045 0.621632 -0.453641
0.355086 -0.166797 0.212318 0.514724 0.376349 0.624186 -0.451456
0.355086 -0.161802 0.212374 0.515631 0.373549 0.626818 -0.449094
0.355086 -0.156806 0.212383 0.516646 0.370635 0.629532 -0.446539
0.355086 -0.151811 0.212396 0.517776 0.367596 0.632334 -0.443774
0.355086 -0.146816 0.212423 0.519030 0.364418 0.635231 -0.440782
0.355086 -0.141820 0.212452 0.520417 0.361088 0.638231 -0.437541
0.355086 -0.136825 0.212483 0.521946 0.357588 0.641343 -0.434030
0.355086 -0.131830 0.212518 0.523627 0.353899 0.644576 -0.430224
0.355086 -0.126834 0.212552 0.525468 0.349999 0.647941 -0.426096
0.355086 -0.121839 0.212582 0.527479 0.345861 0.651450 -0.421614
0.355086 -0.116843 0.212610 0.529672 0.341456 0.655117 -0.416745
0.355086 -0.111848 0.212633 0.532055 0.336752 0.658957 -0.411450
0.355086 -0.106853 0.212658 0.534640 0.331712 0.662985 -0.405682
0.355086 -0.101857 0.212691 0.537438 0.326292 0.667218 -0.399392
0.355086 -0.096862 0.212734 0.540461 0.320444 0.671673 -0.392520
0.355086 -0.091867 0.212782 0.543723 0.314114 0.676367 -0.385000
0.355086 -0.086871 0.212825 0.547235 0.307239 0.681318 -0.376755
0.355086 -0.081876 0.212865 0.551009 0.299747 0.686541 -0.367698
0.355086 -0.076881 0.212895 0.555059 0.291558 0.692050 -0.357729
0.355086 -0.071885 0.212927 0.559390 0.282580 0.697859 -0.346734
0.355086 -0.066890 0.212967 0.564009 0.272709 0.703972 -0.334586
0.355086 -0.061895 0.213009 0.568911 0.261829 0.710389 -0.321143
0.355086 -0.056900 0.213055 0.574088 0.249812 0.717098 -0.306248
0.355086 -0.051904 0.213095 0.579514 0.236521 0.724070 -0.289731
0.355086 -0.046909 0.213130 0.585150 0.221809 0.731255 -0.271414
0.355086 -0.041914 0.213163 0.590933 0.205533 0.738575 -0.251118
0.355086 -0.036918 0.213193 0.596771 0.187558 0.745918 -0.228678
0.355086 -0.031923 0.213232 0.602538 0.167774 0.753127 -0.203961
0.355086 -0.026928 0.213273 0.608074 0.146117 0.760004 -0.176890
0.355086 -0.021932 0.213316 0.613185 0.122592 0.766307 -0.147476
0.355086 -0.016937 0.213357 0.617648 0.097303 0.771765 -0.115853
0.355086 -0.011942 0.213390 0.621237 0.070467 0.776096 -0.082298
0.355086 -0.006946 0.213426 0.623742 0.042430 0.779046 -0.047244
0.355086 -0.001951 0.213461 0.625004 0.013647 0.780421 -0.011266
0.355086 0.003044 0.213503 0.624938 -0.015348 0.780124 0.024970
0.355086 0.008039 0.213548 0.623553 -0.044002 0.778173 0.060768
0.355086 0.013035 0.213592 0.620947 -0.071794 0.774696 0.095479
0.355086 0.018030 0.213636 0.617289 -0.098292 0.769912 0.128564
0.355086 0.023025 0.213670 0.612791 -0.123182 0.764088 0.159632
0.355086 0.028021 0.213703 0.607679 -0.146272 0.757508 0.188446
0.355086 0.033016 0.213731 0.602164 -0.167483 0.750441 0.214909
0.355086 0.038011 0.213762 0.596434 -0.186827 0.743118 0.239036
0.355086 0.043007 0.213797 0.590639 -0.204379 0.735727 0.260922
0.355086 0.048002 0.213837 0.584895 -0.220255 0.728414 0.280713
0.355086 0.052997 0.213881 0.579285 -0.234592 0.721280 0.298581
0.355086 0.057993 0.213925 0.573867 -0.247535 0.714397 0.314705
0.355086 0.062988 0.213968 0.568677 -0.259224 0.707809 0.329265
0.355086 0.067983 0.213998 0.563734 -0.269795 0.701539 0.342428
0.355086 0.072979 0.214026 0.559046 -0.279371 0.695598 0.354349
0.355086 0.077974 0.214044 0.554613 -0.288064 0.689984 0.365166
0.355086 0.082970 0.214066 0.550429 -0.295973 0.684689 0.375005
0.355086 0.087965 0.214094 0.546485 -0.303186 0.679702 0.383976
0.355086 0.092960 0.214129 0.542771 -0.309781 0.675007 0.392175
0.355086 0.097956 0.214171 0.539274 -0.315825 0.670587 0.399689
0.355086 0.102951 0.214210 0.535980 -0.321380 0.666426 0.406592
0.355086 0.107946 0.214249 0.532878 -0.326496 0.662506 0.412949
0.355086 0.112941 0.214278 0.529954 -0.331221 0.658812 0.418818
0.355086 0.117937 0.214306 0.527196 -0.335594 0.655328 0.424248
0.355086 0.122932 0.214337 0.524593 -0.339651 0.652039 0.429284
0.355086 0.127928 0.214372 0.522134 -0.343423 0.648932 0.433963
0.355086 0.132923 0.214416 0.519810 -0.346937 0.645993 0.438321
0.355086 0.137918 0.214459 0.517609 -0.350218 0.643211 0.442388
0.355086 0.142913 0.214499 0.515524 -0.353287 0.640576 0.446191
0.355086 0.147909 0.214533 0.513545 -0.356162 0.638076 0.449753
0.355086 0.152904 0.214560 0.511666 -0.358860 0.635704 0.453097
0.355086 0.157900 0.214586 0.509879 -0.361396 0.633450 0.456242
0.355086 0.162895 0.214611 0.508177 -0.363782 0.631308 0.459205
0.355086 0.167890 0.214644 0.506553 -0.366029 0.629271 0.462001
0.355086 0.172886 0.214679 0.505000 -0.368150 0.627332 0.464645
0.355086 0.177881 0.214721 0.503514 -0.370152 0.625487 0.467148
0.355086 0.182876 0.214762 0.502088 -0.372044 0.623730 0.469523
0.355086 0.187872 0.214800 0.500719 -0.373833 0.622055 0.471780
0.355086 0.192867 0.214835 0.499401 -0.375525 0.620460 0.473929
0.355086 0.197862 0.214867 0.498130 -0.377126 0.618939 0.475979
0.355086 0.202858 0.214897 0.496902 -0.378642 0.617491 0.477937
0.355086 0.207853 0.214924 0.495713 -0.380078 0.616110 0.479811
0.355086 0.212848 0.214953 0.494559 -0.381436 0.614795 0.481607
0.355086 0.217844 0.214980 0.493438 -0.382723 0.613542 0.483331
0.355086 0.222839 0.215016 0.492347 -0.383939 0.612348 0.484990
0.355086 0.227834 0.215049 0.491282 -0.385090 0.611211 0.486589
0.355086 0.232830 0.215086 0.490242 -0.386178 0.610129 0.488132
0.355086 0.237825 0.215124 0.489223 -0.387204 0.609099 0.489624
0.355086 0.242820 0.215159 0.488223 -0.388173 0.608122 0.491069
0.355086 0.247816 0.215202 0.487238 -0.389085 0.607195 0.492470
0.355086 0.252811 0.215241 0.486266 -0.389943 0.606316 0.493833
0.355086 0.257806 0.215280 0.485305 -0.390747 0.605485 0.495159
0.355086 0.262802 0.215317 0.484354 -0.391500 0.604701 0.496454
0.355086 0.267797 0.215345 0.483408 -0.392203 0.603961 0.497719
0.355086 0.272792 0.215369 0.482468 -0.392856 0.603266 0.498958
0.355086 0.277788 0.215395 0.481530 -0.393460 0.602615 0.500173
0.355086 0.282783 0.215424 0.480594 -0.394017 0.602005 0.501367
0.355086 0.287779 0.215462 0.479659 -0.394528 0.601437 0.502542
0.355086 0.292774 0.215503 0.478722 -0.394994 0.600909 0.503700
0.355086 0.297769 0.215545 0.477784 -0.395417 0.600420 0.504841
0.355086 0.302764 0.215586 0.476844 -0.395798 0.599967 0.505967
0.355086 0.307760 0.215626 0.475903 -0.396140 0.599550 0.507079
0.355086 0.312755 0.215660 0.474962 -0.396445 0.599166 0.508176
0.355086 0.317750 0.215693 0.474021 -0.396715 0.598813 0.509259
0.355086 0.322746 0.215727 0.473082 -0.396952 0.598488 0.510328
0.355086 0.327741 0.215761 0.472145 -0.397157 0.598191 0.511383
0.352690 0.327751 0.216314 0.470308 -0.398400 0.596756 0.513780
0.349423 0.324057 0.217044 0.468280 -0.399836 0.595087 0.516446
0.346332 0.320193 0.217729 0.466319 -0.401161 0.593517 0.518994
0.343239 0.316338 0.218452 0.464307 -0.402517 0.591888 0.521601
0.340145 0.312486 0.219189 0.462245 -0.403906 0.590198 0.524267
0.337050 0.308633 0.219924 0.460135 -0.405329 0.588444 0.526990
0.333955 0.304786 0.220680 0.457973 -0.406788 0.586621 0.529774
0.330855 0.300949 0.221471 0.455758 -0.408289 0.584722 0.532621
0.327756 0.297130 0.222343 0.453490 -0.409831 0.582747 0.535528
0.324654 0.293314 0.223221 0.451169 -0.411418 0.580691 0.538498
0.321552 0.289499 0.224099 0.448795 -0.413049 0.578551 0.541527
0.318450 0.285682 0.224972 0.446368 -0.414727 0.576324 0.544617
0.315347 0.281869 0.225861 0.443885 -0.416455 0.574003 0.547769
0.315086 0.277264 0.225895 0.443431 -0.416027 0.574330 0.548120
0.315086 0.272269 0.225848 0.443192 -0.415388 0.574922 0.548178
0.315086 0.267273 0.225806 0.442970 -0.414751 0.575515 0.548218
0.315086 0.262278 0.225765 0.442767 -0.414116 0.576109 0.548237
0.315086 0.257283 0.225725 0.442585 -0.413487 0.576703 0.548234
0.315086 0.252287 0.225684 0.442427 -0.412861 0.577297 0.548208
0.315086 0.247292 0.225644 0.442293 -0.412242 0.577891 0.548156
0.315086 0.242297 0.225602 0.442186 -0.411629 0.578485 0.548078
0.315086 0.237302 0.225558 0.442107 -0.411022 0.579078 0.547971
0.315086 0.232306 0.225512 0.442058 -0.410422 0.579670 0.547833
0.315086 0.227311 0.225466 0.442040 -0.409827 0.580264 0.547664
0.315086 0.222316 0.225423 0.442053 -0.409238 0.580859 0.547463
0.315086 0.217321 0.225382 0.442099 -0.408653 0.581457 0.547229
0.315086 0.212325 0.225345 0.442178 -0.408069 0.582059 0.546960
0.315086 0.207330 0.225306 0.442289 -0.407486 0.582669 0.546656
0.315086 0.202335 0.225265 0.442432 -0.406901 0.583288 0.546315
0.315086 0.197339 0.225223 0.442610 -0.406313 0.583917 0.545937
0.315086 0.192344 0.225181 0.442821 -0.405719 0.584559 0.545519
0.315086 0.187349 0.225143 0.443068 -0.405117 0.585218 0.545061
0.315086 0.182353 0.225105 0.443350 -0.404505 0.585894 0.544560
0.315086 0.177358 0.225064 0.443669 -0.403878 0.586592 0.544013
0.315086 0.172363 0.225021 0.444025 -0.403235 0.587315 0.543419
0.315086 0.167368 0.224973 0.444421 -0.402573 0.588065 0.542775
0.315086 0.162372 0.224927 0.444858 -0.401886 0.588848 0.542076
0.315086 0.157377 0.224879 0.445338 -0.401173 0.589666 0.541320
0.315086 0.152382 0.224834 0.445864 -0.400427 0.590526 0.540502
0.315086 0.147387 0.224789 0.446437 -0.399645 0.591432 0.539617
0.315086 0.142391 0.224740 0.447062 -0.398820 0.592390 0.538658
0.315086 0.137396 0.224692 0.447742 -0.397947 0.593406 0.537620
0.315086 0.132401 0.224639 0.448482 -0.397018 0.594488 0.536493
0.315086 0.127406 0.224589 0.449285 -0.396026 0.595645 0.535269
0.315086 0.122410 0.224544 0.450159 -0.394960 0.596887 0.533938
0.315086 0.117415 0.224504 0.451111 -0.393811 0.598224 0.532485
0.315086 0.112420 0.224468 0.452148 -0.392565 0.599670 0.530896
0.315086 0.107425 0.224431 0.453280 -0.391208 0.601241 0.529153
0.315086 0.102429 0.224392 0.454521 -0.389724 0.602952 0.527233
0.315086 0.097434 0.224343 0.455884 -0.388090 0.604826 0.525111
0.315086 0.092439 0.224291 0.457386 -0.386283 0.606887 0.522754
0.315086 0.087444 0.224238 0.459049 -0.384271 0.609166 0.520123
0.315086 0.082448 0.224189 0.460898 -0.382016 0.611698 0.517168
0.315086 0.077453 0.224150 0.462966 -0.379472 0.614528 0.513827
0.315086 0.072458 0.224112 0.465293 -0.376579 0.617712 0.510022
0.315086 0.067462 0.224074 0.467928 -0.373260 0.621319 0.505651
0.315086 0.062467 0.224030 0.470937 -0.369416 0.625434 0.500581
0.315086 0.057472 0.223981 0.474403 -0.364914 0.630171 0.494635
0.315086 0.052477 0.223926 0.478432 -0.359574 0.635676 0.487571
0.315086 0.047482 0.223870 0.483167 -0.353143 0.642143 0.479054
0.315086 0.042486 0.223818 0.488797 -0.345264 0.649828 0.468608
0.315086 0.037491 0.223768 0.495578 -0.335414 0.659083 0.455532
0.315086 0.032496 0.223733 0.503856 -0.322800 0.670382 0.438769
0.315086 0.027501 0.223695 0.514091 -0.306189 0.684357 0.416671
0.315086 0.022505 0.223655 0.526862 -0.283601 0.701808 0.386591
0.315086 0.017510 0.223607 0.542746 -0.251821 0.723549 0.344223
0.315086 0.012515 0.223553 0.561787 -0.205812 0.749702 0.282814
0.315086 0.007520 0.223499 0.581888 -0.139095 0.777534 0.193648
0.315086 0.002525 0.223445 0.596265 -0.048818 0.797987 0.072810
0.315086 -0.002471 0.223399 0.595856 0.053274 0.798757 -0.064067
0.315086 -0.007466 0.223355 0.580632 0.143908 0.779514 -0.185785
0.315086 -0.012461 0.223313 0.559723 0.210977 0.752349 -0.275989
0.315086 -0.017456 0.223267 0.540017 0.257182 0.726535 -0.338210
0.315086 -0.022452 0.223214 0.523627 0.289033 0.704983 -0.381147
0.315086 -0.027447 0.223169 0.510476 0.311624 0.687655 -0.411626
0.315086 -0.032442 0.223127 0.499950 0.328203 0.673771 -0.434012
0.315086 -0.037437 0.223084 0.491445 0.340769 0.662545 -0.450989
0.315086 -0.042433 0.223037 0.484484 0.350564 0.653352 -0.464232
0.315086 -0.047428 0.222990 0.478706 0.358386 0.645720 -0.474811
0.315086 -0.052423 0.222942 0.473847 0.364761 0.639302 -0.483437
0.315086 -0.057418 0.222898 0.469713 0.370047 0.633840 -0.490593
0.315086 -0.062414 0.222854 0.466158 0.374496 0.629142 -0.496618
0.315086 -0.067409 0.222813 0.463071 0.378290 0.625062 -0.501756
0.315086 -0.072404 0.222771 0.460368 0.381561 0.621488 -0.506187
0.315086 -0.077400 0.222728 0.457982 0.384409 0.618333 -0.510045
0.315086 -0.082395 0.222685 0.455863 0.386911 0.615528 -0.513433
0.315086 -0.087390 0.222641 0.453969 0.389127 0.613019 -0.516430
0.315086 -0.092385 0.222596 0.452266 0.391101 0.610761 -0.519101
0.315086 -0.097381 0.222548 0.450728 0.392872 0.608720 -0.521494
0.315086 -0.102376 0.222502 0.449329 0.394466 0.606866 -0.523654
0.315086 -0.107371 0.222458 0.448053 0.395911 0.605175 -0.525610
0.315086 -0.112366 0.222414 0.446885 0.397226 0.603626 -0.527390
0.315086 -0.117362 0.222367 0.445812 0.398429 0.602202 -0.529017
0.315086 -0.122357 0.222316 0.444823 0.399533 0.600889 -0.530508
0.315086 -0.127352 0.222265 0.443909 0.400550 0.599673 -0.531881
0.315086 -0.132347 0.222213 0.443062 0.401490 0.598544 -0.533148
0.315086 -0.137342 0.222162 0.442275 0.402361 0.597494 -0.534321
0.315086 -0.142338 0.222113 0.441541 0.403172 0.596515 -0.535410
0.315086 -0.147333 0.222066 0.440856 0.403927 0.595599 -0.536424
0.315086 -0.152328 0.222021 0.440215 0.404633 0.594741 -0.537370
0.315086 -0.157323 0.221977 0.439613 0.405294 0.593935 -0.538255
0.315086 -0.162319 0.221932 0.439048 0.405914 0.593177 -0.539085
