0.442906 -0.266291 0.425647 0.455062 0.609915 0.390615 -0.518017
0.447205 -0.266679 0.423923 0.461589 0.606233 0.394741 -0.513416
0.451487 -0.267066 0.422277 0.468238 0.602516 0.398767 -0.508638
0.455781 -0.267456 0.420752 0.474977 0.598719 0.402734 -0.503724
0.460101 -0.267852 0.419352 0.481762 0.594815 0.406670 -0.498718
SCAN
0.464458 -0.268255 0.418072 0.488552 0.590785 0.410596 -0.493661
0.468876 -0.268669 0.416984 0.495327 0.586600 0.414546 -0.488573
0.473356 -0.269094 0.416066 0.502045 0.582254 0.418531 -0.483489
0.477905 -0.269533 0.415363 0.508680 0.577740 0.422568 -0.478432
SCAN
0.482524 -0.269985 0.414895 0.515202 0.573059 0.426664 -0.473422
0.487207 -0.270451 0.414685 0.521580 0.568221 0.430820 -0.468479
0.491947 -0.270932 0.414761 0.527786 0.563239 0.435036 -0.463624
0.496730 -0.271426 0.415147 0.533786 0.558136 0.439303 -0.458879
SCAN
0.501534 -0.271933 0.415882 0.539543 0.552943 0.443606 -0.454270
0.506322 -0.272449 0.417022 0.545005 0.547712 0.447915 -0.449837
0.511059 -0.272972 0.418582 0.550134 0.542490 0.452203 -0.445612
0.515286 -0.273441 0.420484 0.555691 0.537990 0.455391 -0.440901
SCAN
0.519408 -0.273914 0.422851 0.560717 0.533549 0.458587 -0.436601
0.523450 -0.274389 0.425569 0.565232 0.529142 0.461839 -0.432697
0.527258 -0.274305 0.428521 0.569125 0.524889 0.465083 -0.429285
0.528854 -0.269613 0.429370 0.570835 0.522508 0.467062 -0.427768
SCAN
0.529903 -0.264718 0.429674 0.571686 0.520594 0.468860 -0.426997
0.530985 -0.259821 0.429932 0.572249 0.518529 0.470947 -0.426459
0.532180 -0.254938 0.430212 0.572611 0.516220 0.473391 -0.426069
0.533200 -0.250037 0.430259 0.572462 0.514019 0.475924 -0.426108
0.534318 -0.245149 0.430306 0.572101 0.511605 0.478783 -0.426297
SCAN
0.532887 -0.243111 0.428436 0.568060 0.512857 0.479040 -0.429892
0.529828 -0.242747 0.425693 0.561487 0.516437 0.477586 -0.435818
0.526642 -0.242381 0.423304 0.554350 0.520139 0.476016 -0.442222
0.523342 -0.242014 0.421306 0.546677 0.523934 0.474306 -0.449078
SCAN
0.519941 -0.241651 0.419744 0.538503 0.527794 0.472432 -0.456351
0.516492 -0.241293 0.418548 0.529926 0.531633 0.470420 -0.463950
0.513042 -0.240949 0.417811 0.520892 0.535364 0.468344 -0.471922
0.509634 -0.240619 0.417395 0.511517 0.538912 0.466224 -0.480166
0.506273 -0.240304 0.417290 0.501875 0.542259 0.464035 -0.488619
SCAN
0.502958 -0.240001 0.417456 0.492045 0.545391 0.461756 -0.497214
0.499685 -0.239710 0.417864 0.482101 0.548310 0.459364 -0.505885
0.496443 -0.239427 0.418485 0.472118 0.551026 0.456830 -0.514569
0.493217 -0.239149 0.419297 0.462164 0.553557 0.454131 -0.523206
SCAN
0.489993 -0.238873 0.420279 0.452305 0.555923 0.451244 -0.531741
0.486756 -0.238597 0.421410 0.442595 0.558157 0.448154 -0.540119
0.483491 -0.238321 0.422695 0.433090 0.560292 0.444850 -0.548283
0.480167 -0.238040 0.424070 0.423823 0.562380 0.441303 -0.556196
0.476781 -0.237753 0.425576 0.414852 0.564451 0.437515 -0.563802
SCAN
0.473305 -0.237457 0.427166 0.406198 0.566558 0.433464 -0.571073
0.469727 -0.237149 0.428844 0.397891 0.568738 0.429147 -0.577973
0.468456 -0.234418 0.429816 0.391994 0.569625 0.426659 -0.582949
0.469613 -0.229531 0.429973 0.388711 0.569191 0.426236 -0.585874
SCAN
0.470608 -0.224624 0.430124 0.385643 0.569137 0.425410 -0.588548
0.471435 -0.219696 0.430292 0.382796 0.569489 0.424165 -0.590960
0.472090 -0.214748 0.430495 0.380170 0.570265 0.422491 -0.593102
0.472643 -0.209784 0.430702 0.377867 0.571409 0.420489 -0.594893
0.473080 -0.204804 0.430900 0.375867 0.572941 0.418141 -0.596340
SCAN
0.473347 -0.199802 0.431096 0.374076 0.574921 0.415360 -0.597503
0.475768 -0.197582 0.430228 0.377929 0.573796 0.417799 -0.594451
0.479845 -0.197938 0.428528 0.386660 0.569942 0.424617 -0.587674
0.483782 -0.198279 0.426910 0.395808 0.566199 0.431168 -0.580387
SCAN
0.487590 -0.198606 0.425379 0.405361 0.562530 0.437442 -0.572615
0.491294 -0.198922 0.423984 0.415315 0.558882 0.443447 -0.564374
0.494897 -0.199228 0.422711 0.425632 0.555225 0.449165 -0.555710
0.498418 -0.199526 0.421579 0.436273 0.551515 0.454593 -0.546665
0.501874 -0.199820 0.420619 0.447194 0.547709 0.459732 -0.537288
SCAN
0.505275 -0.200110 0.419814 0.458326 0.543781 0.464576 -0.527645
0.508640 -0.200400 0.419197 0.469605 0.539698 0.469129 -0.517798
0.511981 -0.200691 0.418781 0.480957 0.535442 0.473395 -0.507818
0.515310 -0.200986 0.418603 0.492299 0.531004 0.477380 -0.497780
SCAN
0.518634 -0.201288 0.418687 0.503542 0.526387 0.481090 -0.487764
0.521956 -0.201599 0.419065 0.514588 0.521607 0.484537 -0.477858
0.525276 -0.201921 0.419749 0.525344 0.516693 0.487736 -0.468141
0.528563 -0.202259 0.420846 0.535672 0.511732 0.490671 -0.458724
0.531810 -0.202606 0.422327 0.545504 0.506754 0.493359 -0.449691
SCAN
0.534984 -0.202958 0.424226 0.554729 0.501838 0.495796 -0.441159
0.538066 -0.203314 0.426532 0.563271 0.497037 0.498012 -0.433201
0.541060 -0.203672 0.429192 0.571099 0.492366 0.500074 -0.425850
0.543399 -0.205129 0.431832 0.577151 0.489065 0.501149 -0.420193
SCAN
0.543007 -0.200864 0.431705 0.580421 0.488382 0.500465 -0.417288
0.542533 -0.195808 0.431269 0.583318 0.487483 0.500149 -0.414670
0.542302 -0.190777 0.430861 0.586068 0.486074 0.500430 -0.412101
0.542503 -0.185781 0.430578 0.588947 0.483797 0.501566 -0.409285
0.542898 -0.180816 0.430226 0.591623 0.481033 0.503297 -0.406549
SCAN
0.543459 -0.175876 0.429850 0.594058 0.477818 0.505605 -0.403917
0.543878 -0.170945 0.429401 0.595771 0.474750 0.508089 -0.401889
0.544464 -0.166022 0.429172 0.597239 0.471246 0.511150 -0.399948
0.542465 -0.163594 0.427764 0.592792 0.474480 0.509950 -0.404249
SCAN
0.538770 -0.163187 0.425652 0.583809 0.482515 0.505578 -0.413204
0.535157 -0.162795 0.423728 0.574069 0.490510 0.501183 -0.422683
0.531575 -0.162418 0.422108 0.563500 0.498537 0.496633 -0.432763
0.528020 -0.162055 0.420827 0.552127 0.506562 0.491865 -0.443418
0.524486 -0.161708 0.419968 0.539983 0.514548 0.486814 -0.454612
SCAN
0.521003 -0.161377 0.419453 0.527199 0.522368 0.481494 -0.466215
0.517577 -0.161062 0.419257 0.513890 0.529939 0.475899 -0.478124
0.514211 -0.160762 0.419346 0.500176 0.537194 0.470025 -0.490228
0.510899 -0.160476 0.419695 0.486178 0.544083 0.463871 -0.502424
SCAN
0.507633 -0.160201 0.420264 0.472013 0.550571 0.457442 -0.514608
0.504398 -0.159934 0.421028 0.457795 0.556643 0.450747 -0.526687
0.501180 -0.159673 0.421964 0.443629 0.562297 0.443797 -0.538572
0.497958 -0.159414 0.423043 0.429612 0.567550 0.436601 -0.550182
0.494725 -0.159156 0.424297 0.415856 0.572412 0.429196 -0.561426
SCAN
0.491445 -0.158891 0.425641 0.402410 0.576943 0.421562 -0.572266
0.488115 -0.158614 0.427116 0.389377 0.581159 0.413740 -0.582631
0.484712 -0.158329 0.428696 0.376792 0.585129 0.405748 -0.592469
0.481211 -0.158032 0.430352 0.364680 0.588924 0.397595 -0.601744
SCAN
0.477585 -0.157722 0.432050 0.353054 0.592616 0.389273 -0.610431
0.477513 -0.153988 0.432611 0.345703 0.594087 0.384708 -0.616075
0.478735 -0.149104 0.432694 0.340112 0.594992 0.381341 -0.620393
0.479783 -0.144199 0.432777 0.334478 0.596422 0.377297 -0.624542
0.480653 -0.139272 0.432873 0.328767 0.598410 0.372531 -0.628521
SCAN
0.481335 -0.134323 0.433000 0.322911 0.600999 0.366977 -0.632343
0.481782 -0.129348 0.433176 0.316738 0.604273 0.360465 -0.636079
0.482026 -0.124350 0.433386 0.310248 0.608218 0.353015 -0.639686
0.482085 -0.119330 0.433620 0.303392 0.612829 0.344611 -0.643147
SCAN
0.485250 -0.118303 0.432409 0.312192 0.610143 0.352050 -0.637434
0.489195 -0.118649 0.430753 0.326757 0.604804 0.364827 -0.627968
0.492983 -0.118975 0.429138 0.342144 0.599143 0.377714 -0.617493
0.496634 -0.119286 0.427600 0.358354 0.593057 0.390681 -0.605998
0.500173 -0.119586 0.426185 0.375372 0.586441 0.403690 -0.593479
SCAN
0.503613 -0.119876 0.424898 0.393120 0.579215 0.416648 -0.579976
0.506962 -0.120156 0.423720 0.411467 0.571328 0.429432 -0.565568
0.510249 -0.120433 0.422721 0.430316 0.562710 0.441966 -0.550319
0.513480 -0.120705 0.421866 0.449473 0.553365 0.454102 -0.534371
SCAN
0.516676 -0.120977 0.421194 0.468762 0.543302 0.465727 -0.517865
0.519850 -0.121250 0.420720 0.487977 0.532576 0.476722 -0.500976
0.523017 -0.121527 0.420469 0.506909 0.521277 0.486985 -0.483900
0.526184 -0.121809 0.420469 0.525350 0.509531 0.496431 -0.466842
0.529355 -0.122099 0.420750 0.543106 0.497491 0.505000 -0.450016
SCAN