0.468454 -0.197569 0.433633 0.448858 0.598742 0.402510 -0.527276
0.473330 -0.198040 0.432306 0.456930 0.592239 0.410045 -0.521854
0.478238 -0.198517 0.431090 0.465018 0.585533 0.417610 -0.516247
0.483204 -0.199005 0.430067 0.473103 0.578595 0.425234 -0.510468
0.488226 -0.199503 0.429212 0.481131 0.571432 0.432903 -0.504553
0.493307 -0.200013 0.428550 0.489068 0.564048 0.440613 -0.498521
0.498447 -0.200535 0.428101 0.496874 0.556457 0.448351 -0.492395
0.503642 -0.201070 0.427896 0.504512 0.548682 0.456099 -0.486199
0.508881 -0.201617 0.427965 0.511938 0.540756 0.463831 -0.479962
0.514149 -0.202174 0.428331 0.519108 0.532720 0.471515 -0.473719
0.519424 -0.202742 0.429023 0.525978 0.524631 0.479110 -0.467508
0.524677 -0.203316 0.430057 0.532501 0.516551 0.486571 -0.461374
0.529851 -0.203894 0.431542 0.538595 0.508598 0.493809 -0.455407
0.534167 -0.205506 0.433108 0.543021 0.502146 0.499701 -0.450861
0.535715 -0.203154 0.433548 0.543863 0.499411 0.502492 -0.449782
0.537069 -0.198337 0.433811 0.544789 0.496492 0.505451 -0.448576
0.538534 -0.193529 0.434046 0.545318 0.493296 0.508837 -0.447629
0.540050 -0.188726 0.434272 0.545848 0.489894 0.512442 -0.446606
0.541614 -0.183929 0.434483 0.546389 0.486274 0.516273 -0.445488
0.543225 -0.179137 0.434672 0.546955 0.482427 0.520333 -0.444250
0.544878 -0.174350 0.434840 0.547563 0.478343 0.524625 -0.442868
0.544590 -0.170437 0.434241 0.544620 0.478157 0.525785 -0.445315
0.540931 -0.170043 0.432617 0.534702 0.485624 0.520522 -0.455324
0.537197 -0.169650 0.431292 0.524305 0.493200 0.514807 -0.465652
0.533375 -0.169258 0.430397 0.513423 0.500881 0.508593 -0.476286
0.529512 -0.168870 0.429821 0.502185 0.508533 0.501957 -0.487076
0.525619 -0.168487 0.429561 0.490666 0.516091 0.494931 -0.497936
0.521712 -0.168108 0.429581 0.478951 0.523489 0.487558 -0.508775
0.517796 -0.167734 0.429854 0.467116 0.530682 0.479879 -0.519515
0.513873 -0.167365 0.430355 0.455237 0.537635 0.471931 -0.530084
0.509943 -0.166998 0.431058 0.443382 0.544328 0.463750 -0.540422
0.506002 -0.166634 0.431946 0.431614 0.550752 0.455372 -0.550471
0.502057 -0.166273 0.432997 0.419968 0.556882 0.446852 -0.560208
0.498105 -0.165913 0.434226 0.408517 0.562724 0.438225 -0.569574
0.494118 -0.165551 0.435559 0.397284 0.568320 0.429484 -0.578550
0.490102 -0.165189 0.437043 0.386344 0.573675 0.420680 -0.587080
0.486035 -0.164821 0.438625 0.375709 0.578835 0.411808 -0.595153
0.485786 -0.160385 0.439171 0.369594 0.581192 0.407209 -0.599831
0.486174 -0.155488 0.439498 0.364434 0.583188 0.403225 -0.603729
0.486959 -0.150590 0.439638 0.360216 0.584880 0.399838 -0.606868
0.487977 -0.145719 0.439657 0.356692 0.586453 0.396794 -0.609425
0.488882 -0.140834 0.439686 0.353074 0.588399 0.393272 -0.611933
0.489673 -0.135936 0.439726 0.349321 0.590741 0.389237 -0.614405
0.490350 -0.131023 0.439775 0.345387 0.593500 0.384647 -0.616856
0.490913 -0.126097 0.439834 0.341211 0.596697 0.379454 -0.619309
0.494712 -0.125469 0.438474 0.352188 0.591416 0.389622 -0.611871
0.498927 -0.125849 0.436952 0.366497 0.584122 0.402822 -0.601844
0.503087 -0.126225 0.435568 0.381344 0.576323 0.416145 -0.590976
0.507193 -0.126597 0.434304 0.396639 0.567994 0.429497 -0.579304
0.511257 -0.126966 0.433198 0.412312 0.559100 0.442806 -0.566859
0.515290 -0.127336 0.432268 0.428258 0.549627 0.455981 -0.553702
0.519294 -0.127705 0.431505 0.444342 0.539598 0.468908 -0.539926
0.523281 -0.128077 0.430943 0.460435 0.529037 0.481490 -0.525630
0.527255 -0.128453 0.430603 0.476389 0.518001 0.493625 -0.510942
0.531222 -0.128834 0.430511 0.492050 0.506572 0.505218 -0.496010
0.535182 -0.129222 0.430693 0.507262 0.494854 0.516182 -0.481000
0.539104 -0.129613 0.431174 0.521935 0.483018 0.526386 -0.466043
0.542976 -0.130006 0.431963 0.535955 0.471201 0.535765 -0.451306
0.546758 -0.130402 0.433172 0.549159 0.459626 0.544219 -0.437029
0.550440 -0.130796 0.434743 0.561506 0.448398 0.551762 -0.423330
0.553554 -0.130080 0.436442 0.572703 0.437969 0.558177 -0.410651
0.554190 -0.125304 0.437055 0.581161 0.430600 0.562046 -0.401174
0.554273 -0.120347 0.437351 0.588857 0.423846 0.565288 -0.392494
0.554296 -0.115366 0.437577 0.596734 0.416402 0.568818 -0.383359
0.554357 -0.110390 0.437793 0.604992 0.407892 0.572850 -0.373433
0.554473 -0.105420 0.438016 0.613679 0.398123 0.577453 -0.362553
0.554638 -0.100455 0.438231 0.622799 0.386938 0.582654 -0.350593
0.554131 -0.095458 0.438027 0.630731 0.376883 0.587009 -0.339937
0.549889 -0.092831 0.436091 0.626292 0.386827 0.580500 -0.348057
0.545366 -0.090387 0.434415 0.619503 0.399813 0.572222 -0.359064
0.540343 -0.089324 0.432976 0.607508 0.419670 0.559552 -0.376447
0.535103 -0.088753 0.431949 0.592038 0.442872 0.543929 -0.396858
0.529837 -0.088188 0.431260 0.574141 0.467277 0.526317 -0.418336
0.524573 -0.087633 0.430891 0.553835 0.492407 0.506749 -0.440463
0.519337 -0.087088 0.430818 0.531292 0.517684 0.485394 -0.462737
0.514149 -0.086556 0.431021 0.506853 0.542479 0.462561 -0.484617
0.509021 -0.086038 0.431469 0.481008 0.566189 0.438686 -0.505585
0.503962 -0.085533 0.432134 0.454340 0.588309 0.414275 -0.525209
0.498978 -0.085041 0.432995 0.427463 0.608475 0.389858 -0.543180
0.494067 -0.084563 0.434021 0.400938 0.626498 0.365908 -0.559340
0.489239 -0.084098 0.435246 0.375297 0.642300 0.342874 -0.573620
0.484473 -0.083644 0.436582 0.350818 0.656012 0.320973 -0.586133
0.479777 -0.083201 0.438069 0.327800 0.667761 0.300441 -0.596974
