0.472118 -0.273136 0.402954 0.890464 0.026888 0.452221 -0.042984
0.472824 -0.268204 0.403143 0.890024 0.026967 0.453085 -0.042940
0.473439 -0.263245 0.403262 0.889783 0.026945 0.453560 -0.042947
0.474145 -0.258296 0.403449 0.889344 0.026947 0.454420 -0.042939
0.474769 -0.253325 0.403577 0.889086 0.026873 0.454926 -0.042969
0.475348 -0.248367 0.403677 0.888923 0.026866 0.455245 -0.042970
0.475814 -0.243374 0.403695 0.889007 0.026740 0.455082 -0.043031
0.476745 -0.238451 0.404048 0.888080 0.026790 0.456890 -0.042994
0.477679 -0.233449 0.404394 0.887156 0.026501 0.458686 -0.043117
0.478691 -0.228559 0.404800 0.886049 0.026678 0.460820 -0.043018
0.479501 -0.223698 0.405066 0.885372 0.027037 0.462115 -0.042838
0.480227 -0.218740 0.405267 0.884891 0.026991 0.463038 -0.042853
0.480977 -0.213837 0.405487 0.884350 0.027181 0.464068 -0.042754
0.481689 -0.208943 0.405680 0.883890 0.027416 0.464941 -0.042635
0.482528 -0.203917 0.405952 0.883170 0.027052 0.466312 -0.042800
0.483209 -0.199027 0.406120 0.882775 0.027310 0.467056 -0.042670
0.484289 -0.194086 0.406545 0.881520 0.027251 0.469424 -0.042681
0.485419 -0.189088 0.406982 0.880161 0.026937 0.471972 -0.042817
0.487626 -0.184124 0.408084 0.876443 0.026512 0.478850 -0.042985
0.490935 -0.179597 0.409812 0.870229 0.027632 0.490046 -0.042346
0.492108 -0.174881 0.410133 0.868711 0.028466 0.492723 -0.041894
0.493178 -0.170077 0.410338 0.867423 0.028960 0.494982 -0.041618
0.494166 -0.165203 0.410507 0.866329 0.029192 0.496892 -0.041481
0.495399 -0.160223 0.410897 0.864709 0.028938 0.499711 -0.041592
0.499033 -0.155819 0.412742 0.857678 0.030387 0.511671 -0.040706
0.500962 -0.151148 0.413603 0.854452 0.031170 0.517032 -0.040220
0.501851 -0.146431 0.413865 0.853554 0.032019 0.518499 -0.039729
0.502020 -0.141545 0.413721 0.854291 0.032392 0.517276 -0.039535
0.501089 -0.136644 0.413037 0.857490 0.032985 0.511938 -0.039274
0.498975 -0.131373 0.411774 0.863369 0.032438 0.501962 -0.039701
0.499113 -0.126152 0.411806 0.864232 0.031474 0.500493 -0.040234
0.499400 -0.121037 0.411890 0.864747 0.030896 0.499614 -0.040552
0.499672 -0.116030 0.411905 0.865273 0.030764 0.498704 -0.040632
0.499534 -0.111099 0.411631 0.866690 0.031049 0.496230 -0.040508
0.497213 -0.105686 0.409983 0.872970 0.029946 0.485107 -0.041199
0.496690 -0.100516 0.409391 0.875248 0.029351 0.480992 -0.041542
0.497429 -0.095478 0.409592 0.874743 0.028973 0.481917 -0.041724
0.498747 -0.090658 0.410163 0.872939 0.029346 0.485174 -0.041505
0.499842 -0.085757 0.410585 0.871634 0.029443 0.487516 -0.041433
0.501012 -0.080804 0.411044 0.870170 0.029308 0.490128 -0.041479
0.502201 -0.075969 0.411516 0.868643 0.029650 0.492825 -0.041276
0.503334 -0.071204 0.411951 0.867228 0.030282 0.495302 -0.040922
0.504592 -0.066342 0.412453 0.865546 0.030490 0.498234 -0.040782
0.505985 -0.061465 0.413020 0.863567 0.030603 0.501658 -0.040687
0.507065 -0.056663 0.413407 0.862266 0.031092 0.503883 -0.040401
0.508272 -0.051744 0.413859 0.860697 0.031082 0.506562 -0.040378
0.508861 -0.046802 0.413965 0.860504 0.031137 0.506888 -0.040344
0.509184 -0.041749 0.413919 0.860921 0.030821 0.506186 -0.040523
0.509722 -0.036788 0.413995 0.860845 0.030812 0.506315 -0.040526
0.510081 -0.031841 0.413969 0.861162 0.030904 0.505772 -0.040482
0.510497 -0.026864 0.413972 0.861361 0.030865 0.505434 -0.040507
0.511420 -0.021922 0.414258 0.860424 0.030838 0.507029 -0.040505
0.512386 -0.016914 0.414562 0.859401 0.030541 0.508768 -0.040649
0.513777 -0.011066 0.415053 0.857539 0.026872 0.511944 -0.042635
0.515409 -0.006212 0.415698 0.854999 0.027052 0.516176 -0.042518
0.517019 -0.001340 0.416279 0.852503 0.027166 0.520288 -0.042439
0.518738 0.003455 0.416870 0.849740 0.027551 0.524788 -0.042203
0.517197 0.005854 0.415981 0.847044 0.027976 0.529126 -0.041941
0.516129 0.003453 0.415649 0.844198 0.028203 0.533655 -0.041789
0.516926 -0.001731 0.416260 0.841218 0.028765 0.538338 -0.041436
0.517729 -0.006884 0.416830 0.838215 0.029204 0.543000 -0.041151
0.518126 -0.011967 0.417177 0.836139 0.029464 0.546191 -0.040977
0.518550 -0.017114 0.417519 0.833986 0.029951 0.549469 -0.040662
0.518427 -0.023165 0.417650 0.832960 0.033812 0.550970 -0.038292
0.518089 -0.028176 0.417654 0.832572 0.033953 0.551554 -0.038198
0.517730 -0.033234 0.417650 0.832222 0.034272 0.552076 -0.037995
0.517157 -0.038210 0.417552 0.832379 0.034340 0.551838 -0.037957
0.516283 -0.043122 0.417323 0.833237 0.034248 0.550542 -0.038031
0.515250 -0.048059 0.417023 0.834453 0.034284 0.548695 -0.038033
0.514235 -0.052938 0.416724 0.835635 0.034105 0.546895 -0.038165
0.513216 -0.057823 0.416423 0.836823 0.033950 0.545076 -0.038283
0.512163 -0.062711 0.416106 0.838090 0.033811 0.543128 -0.038392
0.511005 -0.067608 0.415740 0.839591 0.033727 0.540805 -0.038472
0.509939 -0.072482 0.415409 0.840882 0.033539 0.538796 -0.038609
0.508943 -0.077371 0.415110 0.842012 0.033390 0.537030 -0.038719
0.507946 -0.082225 0.414807 0.843147 0.033111 0.535251 -0.038906
0.507054 -0.087091 0.414552 0.844040 0.032846 0.533845 -0.039077
0.506561 -0.091998 0.414486 0.844023 0.032643 0.533875 -0.039196
0.506125 -0.096927 0.414451 0.843874 0.032506 0.534114 -0.039273
0.505671 -0.101877 0.414408 0.843762 0.032452 0.534293 -0.039303
0.505089 -0.106804 0.414302 0.843943 0.032342 0.534008 -0.039370
0.504582 -0.111746 0.414228 0.843952 0.032274 0.533995 -0.039410
0.504140 -0.116701 0.414176 0.843811 0.032237 0.534218 -0.039429
0.503600 -0.121660 0.414058 0.843889 0.032240 0.534095 -0.039429
0.503133 -0.126645 0.413953 0.843798 0.032325 0.534237 -0.039378
0.502608 -0.131601 0.413806 0.843840 0.032316 0.534172 -0.039384
0.502163 -0.136630 0.413736 0.843693 0.032557 0.534399 -0.039240
0.501617 -0.141675 0.413663 0.843778 0.032880 0.534259 -0.039053
0.501100 -0.146638 0.413612 0.843808 0.032888 0.534212 -0.039048
0.500208 -0.151546 0.413359 0.844695 0.032782 0.532808 -0.039127
0.499485 -0.156525 0.413158 0.845185 0.032904 0.532027 -0.039065
0.498698 -0.161474 0.412938 0.845826 0.032926 0.531007 -0.039065
0.497738 -0.166364 0.412675 0.846870 0.032769 0.529341 -0.039176
0.496854 -0.171271 0.412485 0.847740 0.032651 0.527948 -0.039261
0.495966 -0.176164 0.412301 0.848624 0.032483 0.526527 -0.039373
0.495146 -0.181038 0.412129 0.849354 0.032229 0.525354 -0.039532
0.494243 -0.185981 0.411891 0.850256 0.032253 0.523890 -0.039535
0.493370 -0.190897 0.411652 0.851095 0.032171 0.522527 -0.039597
0.492656 -0.195853 0.411486 0.851567 0.032203 0.521756 -0.039588
0.492245 -0.200829 0.411469 0.851355 0.032237 0.522101 -0.039565
0.491781 -0.205769 0.411422 0.851269 0.032144 0.522244 -0.039616
0.490772 -0.210652 0.411094 0.852415 0.031970 0.520373 -0.039736
0.489885 -0.215647 0.410833 0.853269 0.032193 0.518966 -0.039626
0.489136 -0.220513 0.410645 0.853834 0.031887 0.518041 -0.039808
0.488272 -0.225346 0.410396 0.854658 0.031479 0.516686 -0.040051
0.487243 -0.230367 0.410068 0.855826 0.031838 0.514741 -0.039873
0.486304 -0.235246 0.409781 0.856810 0.031628 0.513103 -0.040008
0.485343 -0.240112 0.409478 0.857844 0.031367 0.511376 -0.040170
0.484414 -0.244952 0.409186 0.858810 0.030998 0.509758 -0.040390
0.483447 -0.249828 0.408872 0.859853 0.030777 0.507999 -0.040528
0.482534 -0.254717 0.408585 0.860775 0.030595 0.506437 -0.040643
0.481808 -0.259677 0.408404 0.861270 0.030645 0.505593 -0.040624
0.481973 -0.264661 0.408720 0.859778 0.030568 0.508130 -0.040640
0.483252 -0.269889 0.409632 0.855764 0.031175 0.514856 -0.040240
0.485446 -0.275244 0.410973 0.849652 0.032039 0.524875 -0.039646
0.488678 -0.280644 0.412720 0.841124 0.032802 0.538433 -0.039049
0.489289 -0.281710 0.412651 0.831128 0.033811 0.553732 -0.038258
0.489189 -0.281732 0.412468 0.820733 0.035062 0.569015 -0.037274
0.488813 -0.281654 0.412475 0.810507 0.036245 0.583479 -0.036294
0.488503 -0.281590 0.412768 0.799720 0.037396 0.598168 -0.035282
0.490830 -0.279083 0.413653 0.788875 0.038461 0.612389 -0.034290
0.496200 -0.274758 0.414902 0.776883 0.039491 0.627524 -0.033259
0.500585 -0.270329 0.415778 0.767181 0.040370 0.639340 -0.032360
0.503634 -0.265636 0.416323 0.760764 0.040688 0.646963 -0.031958
0.505735 -0.260975 0.416677 0.756691 0.041290 0.651712 -0.031379
0.507402 -0.256112 0.416952 0.753731 0.041356 0.655136 -0.031253
0.508530 -0.251203 0.417144 0.752142 0.041389 0.656961 -0.031187
0.509581 -0.246241 0.417322 0.750752 0.041280 0.658552 -0.031243
0.510608 -0.241351 0.417493 0.749409 0.041389 0.660079 -0.031121
0.511548 -0.236458 0.417651 0.748286 0.041508 0.661350 -0.030996
0.512567 -0.231575 0.417814 0.746960 0.041643 0.662846 -0.030853
0.513558 -0.226621 0.417972 0.745713 0.041567 0.664252 -0.030886
0.514579 -0.221692 0.418131 0.744380 0.041563 0.665746 -0.030858
0.515536 -0.216924 0.418281 0.743186 0.042048 0.667069 -0.030423
0.516498 -0.211967 0.418434 0.742010 0.041973 0.668380 -0.030457
0.516934 -0.207006 0.418532 0.742189 0.041984 0.668181 -0.030452
0.517294 -0.202074 0.418622 0.742559 0.042094 0.667766 -0.030369
0.517696 -0.197151 0.418717 0.742818 0.042225 0.667475 -0.030266
0.518189 -0.192197 0.418820 0.742849 0.042247 0.667439 -0.030248
0.518757 -0.187200 0.418931 0.742695 0.042125 0.667614 -0.030347
0.519251 -0.182211 0.419033 0.742729 0.042045 0.667578 -0.030415
0.519751 -0.177273 0.419137 0.742739 0.042111 0.667565 -0.030360
0.520275 -0.172359 0.419246 0.742684 0.042244 0.667624 -0.030246
0.520826 -0.167352 0.419362 0.742575 0.042098 0.667748 -0.030366
0.521379 -0.162401 0.419477 0.742450 0.042114 0.667887 -0.030349
0.521919 -0.157455 0.419593 0.742359 0.042152 0.667988 -0.030315
0.522481 -0.152527 0.419711 0.742209 0.042235 0.668152 -0.030242
0.523043 -0.147546 0.419829 0.742067 0.042164 0.668312 -0.030298
0.523623 -0.142604 0.419946 0.741871 0.042202 0.668528 -0.030261
0.524076 -0.137647 0.420049 0.742008 0.042224 0.668376 -0.030247
0.525005 -0.132774 0.420199 0.740898 0.042399 0.669603 -0.030071
0.525924 -0.127862 0.420347 0.739823 0.042464 0.670791 -0.029989
0.526724 -0.122932 0.420484 0.739053 0.042498 0.671638 -0.029940
0.527608 -0.117984 0.420628 0.738070 0.042460 0.672720 -0.029947
0.528400 -0.113093 0.420763 0.737316 0.042610 0.673544 -0.029800
0.529303 -0.108269 0.420908 0.736262 0.042934 0.674689 -0.029497
0.530205 -0.103240 0.421054 0.735241 0.042657 0.675809 -0.029708
0.531004 -0.098317 0.421188 0.734471 0.042713 0.676646 -0.029640
0.531779 -0.093421 0.421317 0.733757 0.042848 0.677418 -0.029506
0.532588 -0.088503 0.421449 0.732958 0.042914 0.678281 -0.029428
0.532975 -0.083493 0.421548 0.733276 0.042793 0.677940 -0.029541
0.533424 -0.078530 0.421651 0.733425 0.042794 0.677779 -0.029544
0.533968 -0.073521 0.421763 0.733332 0.042645 0.677883 -0.029669
0.534403 -0.068599 0.421865 0.733510 0.042771 0.677687 -0.029566
0.534917 -0.063643 0.421974 0.733486 0.042780 0.677713 -0.029558
0.535322 -0.058617 0.422075 0.733759 0.042606 0.677421 -0.029714
0.535718 -0.053704 0.422175 0.734036 0.042766 0.677117 -0.029584
0.536269 -0.048724 0.422291 0.733922 0.042699 0.677242 -0.029638
0.536782 -0.043733 0.422407 0.733909 0.042609 0.677259 -0.029715
0.537337 -0.038784 0.422525 0.733778 0.042630 0.677400 -0.029694
0.537896 -0.033812 0.422642 0.733642 0.042587 0.677548 -0.029728
0.538405 -0.028842 0.422753 0.733635 0.042557 0.677557 -0.029753
0.538924 -0.023897 0.422865 0.733597 0.042599 0.677597 -0.029716
0.539724 -0.018637 0.423004 0.732877 0.041668 0.678398 -0.030502
0.540589 -0.011311 0.423147 0.732298 0.034688 0.679119 -0.036516
0.542306 -0.005017 0.423305 0.729292 0.030621 0.682343 -0.040039
0.544723 0.001595 0.423430 0.724428 0.025582 0.687437 -0.044505
0.547905 0.009251 0.423453 0.717526 0.017546 0.694379 -0.051837
0.549868 0.014376 0.423418 0.710198 0.015344 0.701748 -0.054152
0.548065 0.015960 0.423333 0.702651 0.015977 0.709307 -0.053934
0.545898 0.016043 0.423411 0.694966 0.016788 0.716850 -0.053540
0.543724 0.015537 0.423666 0.687169 0.017551 0.724337 -0.053176
0.542189 0.013760 0.423993 0.679404 0.018304 0.731633 -0.052801
0.544247 0.008217 0.423794 0.672081 0.019681 0.738404 -0.051753
0.546192 0.000567 0.423580 0.664800 0.026690 0.745197 -0.044825
0.547364 -0.006071 0.423309 0.659746 0.030975 0.749759 -0.040452
0.547525 -0.013046 0.423098 0.657529 0.036230 0.751747 -0.034910
0.546832 -0.020990 0.422933 0.657592 0.044141 0.751613 -0.026491
0.546165 -0.026981 0.422785 0.657873 0.046891 0.751298 -0.023567
0.545478 -0.031965 0.422675 0.658394 0.046985 0.750839 -0.023483
0.544763 -0.036859 0.422569 0.659013 0.046848 0.750299 -0.023646
0.544059 -0.041758 0.422460 0.659596 0.046719 0.749789 -0.023800
0.543346 -0.046699 0.422351 0.660200 0.046707 0.749257 -0.023830
0.542634 -0.051716 0.422240 0.660784 0.046894 0.748736 -0.023649
0.541851 -0.056685 0.422141 0.661582 0.046965 0.748028 -0.023597
0.541036 -0.061587 0.422050 0.662487 0.046865 0.747229 -0.023729
0.540520 -0.066548 0.421921 0.662515 0.046868 0.747204 -0.023726
0.540063 -0.071541 0.421781 0.662368 0.046949 0.747333 -0.023637
0.539578 -0.076463 0.421644 0.662312 0.046847 0.747385 -0.023743
0.539096 -0.081406 0.421505 0.662245 0.046800 0.747446 -0.023791
0.538603 -0.086403 0.421366 0.662197 0.046897 0.747486 -0.023687
0.538062 -0.091425 0.421231 0.662286 0.047067 0.747402 -0.023510
0.537529 -0.096381 0.421099 0.662363 0.047063 0.747333 -0.023517
0.536940 -0.101318 0.420977 0.662607 0.047018 0.747118 -0.023571
0.536489 -0.106235 0.420840 0.662455 0.046896 0.747257 -0.023696
0.535991 -0.111239 0.420704 0.662423 0.047011 0.747282 -0.023574
0.535466 -0.116121 0.420577 0.662490 0.046807 0.747228 -0.023790
0.534886 -0.121063 0.420455 0.662708 0.046774 0.747036 -0.023831
0.534337 -0.126058 0.420328 0.662824 0.046874 0.746930 -0.023729
0.533820 -0.131078 0.420198 0.662844 0.047038 0.746907 -0.023558
0.533296 -0.136009 0.420074 0.662901 0.046963 0.746859 -0.023638
0.532631 -0.140929 0.419967 0.663368 0.046884 0.746446 -0.023735
0.532008 -0.145875 0.419850 0.663705 0.046868 0.746146 -0.023762
0.531353 -0.150814 0.419732 0.664139 0.046841 0.745761 -0.023803
0.530671 -0.155769 0.419615 0.664643 0.046858 0.745310 -0.023800
0.530035 -0.160684 0.419495 0.665026 0.046761 0.744971 -0.023913
0.529378 -0.165684 0.419377 0.665451 0.046894 0.744588 -0.023786
0.528769 -0.170628 0.419256 0.665749 0.046870 0.744321 -0.023820
0.528122 -0.175542 0.419142 0.666163 0.046773 0.743953 -0.023934
0.527498 -0.180421 0.419028 0.666517 0.046579 0.743641 -0.024146
0.526844 -0.185368 0.418915 0.666943 0.046570 0.743259 -0.024167
0.526326 -0.190348 0.418786 0.666972 0.046626 0.743232 -0.024110
0.525771 -0.195258 0.418663 0.667122 0.046501 0.743100 -0.024245
0.525144 -0.200258 0.418544 0.667463 0.046629 0.742790 -0.024121
0.524604 -0.205181 0.418418 0.667563 0.046537 0.742702 -0.024219
0.523858 -0.210142 0.418313 0.668251 0.046583 0.742082 -0.024192
0.523140 -0.215174 0.418202 0.668845 0.046811 0.741540 -0.023973
0.522585 -0.220152 0.418077 0.668982 0.046871 0.741414 -0.023915
0.522033 -0.225123 0.417953 0.669109 0.046907 0.741297 -0.023881
0.521439 -0.230077 0.417834 0.669361 0.046906 0.741070 -0.023890
0.520808 -0.235046 0.417714 0.669718 0.046954 0.740746 -0.023851
0.520228 -0.239974 0.417588 0.669933 0.046881 0.740553 -0.023933
0.519649 -0.244980 0.417458 0.670132 0.047020 0.740369 -0.023796
0.519202 -0.249892 0.417322 0.669971 0.046881 0.740519 -0.023934
0.518586 -0.254868 0.417203 0.670282 0.046944 0.740235 -0.023878
0.518193 -0.259793 0.417062 0.669966 0.046831 0.740525 -0.023986
0.517680 -0.264647 0.416935 0.670002 0.046550 0.740500 -0.024277
0.517432 -0.269614 0.416778 0.669263 0.046526 0.741170 -0.024280
0.517687 -0.274678 0.416567 0.667063 0.046674 0.743148 -0.024062
0.518442 -0.279814 0.416292 0.663402 0.046927 0.746415 -0.023691
0.519809 -0.284998 0.415924 0.657932 0.047204 0.751238 -0.023236
0.517786 -0.286304 0.415994 0.652118 0.047499 0.756286 -0.022744
0.514885 -0.286009 0.416372 0.646152 0.047733 0.761388 -0.022307
0.512121 -0.285144 0.416922 0.640119 0.048050 0.766463 -0.021771
0.509371 -0.284278 0.417604 0.634099 0.048426 0.771444 -0.021159
0.510400 -0.280665 0.417623 0.627866 0.048735 0.776521 -0.020607
0.512934 -0.275908 0.417312 0.621616 0.048921 0.781533 -0.020189
0.515132 -0.271042 0.417055 0.616365 0.048884 0.785685 -0.020064
0.516829 -0.266273 0.416898 0.612618 0.049173 0.788604 -0.019598
0.518058 -0.261344 0.416866 0.610353 0.049133 0.790362 -0.019574
0.518718 -0.256484 0.416974 0.609851 0.049357 0.790742 -0.019286
0.519219 -0.251474 0.417121 0.609879 0.049231 0.790725 -0.019440
0.519749 -0.246532 0.417255 0.609802 0.049271 0.790783 -0.019389
0.520271 -0.241596 0.417397 0.609749 0.049325 0.790822 -0.019322
0.520831 -0.236583 0.417534 0.609595 0.049183 0.790946 -0.019489
0.521347 -0.231688 0.417677 0.609552 0.049342 0.790974 -0.019295
0.521928 -0.226767 0.417804 0.609312 0.049424 0.791156 -0.019188
0.522335 -0.221960 0.417968 0.609596 0.049821 0.790923 -0.018716
0.522801 -0.216869 0.418134 0.609750 0.049498 0.790816 -0.019112
0.523270 -0.211934 0.418290 0.609864 0.049565 0.790725 -0.019035
0.523774 -0.206865 0.418445 0.609894 0.049291 0.790712 -0.019368
0.524321 -0.201959 0.418580 0.609758 0.049417 0.790812 -0.019211
0.524781 -0.196978 0.418741 0.609910 0.049368 0.790697 -0.019275
0.525226 -0.192034 0.418904 0.610101 0.049415 0.790547 -0.019224
0.525699 -0.187069 0.419061 0.610208 0.049407 0.790465 -0.019238
0.526145 -0.182067 0.419227 0.610406 0.049308 0.790315 -0.019364
0.526610 -0.177088 0.419387 0.610543 0.049266 0.790210 -0.019419
0.527144 -0.172112 0.419530 0.610463 0.049219 0.790274 -0.019473
0.527630 -0.167164 0.419685 0.610524 0.049251 0.790226 -0.019437
0.528059 -0.162203 0.419856 0.610768 0.049259 0.790037 -0.019435
0.528543 -0.157248 0.420012 0.610841 0.049271 0.789980 -0.019422
0.528989 -0.152302 0.420177 0.611029 0.049314 0.789833 -0.019377
0.529468 -0.147295 0.420337 0.611127 0.049199 0.789761 -0.019519
0.529941 -0.142351 0.420496 0.611229 0.049242 0.789681 -0.019470
0.530426 -0.137362 0.420653 0.611304 0.049168 0.789625 -0.019562
0.530862 -0.132453 0.420817 0.611515 0.049305 0.789457 -0.019404
0.531353 -0.127517 0.420967 0.611562 0.049366 0.789418 -0.019332
0.531866 -0.122496 0.421116 0.611556 0.049209 0.789428 -0.019520
0.532354 -0.117599 0.421265 0.611601 0.049368 0.789388 -0.019330
0.532901 -0.112632 0.421404 0.611477 0.049343 0.789485 -0.019357
0.533395 -0.107712 0.421553 0.611508 0.049443 0.789457 -0.019237
0.533942 -0.102705 0.421694 0.611394 0.049317 0.789550 -0.019386
0.534567 -0.097788 0.421809 0.611016 0.049403 0.789841 -0.019270
0.535217 -0.092802 0.421921 0.610571 0.049313 0.790187 -0.019363
0.535868 -0.087902 0.422027 0.610106 0.049438 0.790543 -0.019198
0.536507 -0.082926 0.422142 0.609694 0.049375 0.790863 -0.019260
0.537133 -0.077963 0.422259 0.609321 0.049346 0.791152 -0.019282
0.537833 -0.073053 0.422354 0.608703 0.049439 0.791625 -0.019149
0.538503 -0.068058 0.422461 0.608198 0.049323 0.792017 -0.019273
0.539125 -0.063146 0.422575 0.607826 0.049422 0.792300 -0.019141
0.539769 -0.058180 0.422686 0.607395 0.049385 0.792631 -0.019172
0.540336 -0.053269 0.422815 0.607197 0.049496 0.792780 -0.019031
0.540875 -0.048336 0.422952 0.607089 0.049554 0.792861 -0.018956
0.541397 -0.043364 0.423095 0.607043 0.049521 0.792897 -0.018995
0.541869 -0.038437 0.423247 0.607148 0.049607 0.792814 -0.018894
0.542419 -0.033447 0.423382 0.607018 0.049522 0.792916 -0.018993
0.542974 -0.028509 0.423514 0.606859 0.049568 0.793036 -0.018931
0.543405 -0.023548 0.423685 0.607099 0.049574 0.792852 -0.018932
0.544193 -0.018369 0.423775 0.606257 0.048981 0.793517 -0.019628
0.545047 -0.012274 0.423888 0.605385 0.046088 0.794261 -0.023136
0.546817 -0.006660 0.423687 0.601493 0.044272 0.797249 -0.025290
0.548552 -0.001732 0.423386 0.597550 0.044179 0.800212 -0.025341
0.549563 0.002612 0.423177 0.593064 0.044418 0.803541 -0.024970
0.546554 0.003129 0.424045 0.587575 0.044796 0.807560 -0.024400
0.543566 0.002603 0.425024 0.581876 0.045063 0.811674 -0.023960
0.540287 0.001438 0.426163 0.577492 0.045192 0.814800 -0.023716
0.537275 -0.001363 0.427168 0.572281 0.048291 0.818402 -0.019508
0.537747 -0.002204 0.426965 0.567480 0.046076 0.821793 -0.022359
0.538222 -0.007671 0.426488 0.564345 0.047175 0.823928 -0.020808
0.538741 -0.013707 0.425875 0.560626 0.049622 0.826399 -0.017369
0.538299 -0.019477 0.425623 0.560227 0.051563 0.826602 -0.014693
0.537968 -0.024564 0.425371 0.559594 0.051843 0.827020 -0.014283
0.537481 -0.029477 0.425196 0.559533 0.051733 0.827066 -0.014432
0.536749 -0.034371 0.425121 0.560316 0.051612 0.826540 -0.014628
0.535981 -0.039271 0.425068 0.561218 0.051510 0.825931 -0.014803
0.535603 -0.044265 0.424863 0.560770 0.051575 0.826233 -0.014696
0.535012 -0.048024 0.424833 0.561316 0.048701 0.825957 -0.018651
0.534521 -0.053917 0.424615 0.561064 0.050945 0.826056 -0.015570
0.534302 -0.058816 0.424353 0.560091 0.050757 0.826724 -0.015794
0.533872 -0.063980 0.424156 0.559785 0.051239 0.826914 -0.015121
0.533486 -0.068920 0.423960 0.559375 0.051175 0.827194 -0.015194
0.533063 -0.073890 0.423778 0.559084 0.051188 0.827390 -0.015165
0.532636 -0.078872 0.423595 0.558807 0.051231 0.827576 -0.015096
0.532202 -0.083802 0.423411 0.558561 0.051151 0.827745 -0.015198
0.531796 -0.088761 0.423208 0.558215 0.051137 0.827979 -0.015204
0.531308 -0.093744 0.423037 0.558141 0.051193 0.828027 -0.015124
0.530814 -0.098662 0.422879 0.558106 0.051093 0.828055 -0.015261
0.530031 -0.103668 0.422837 0.559042 0.051246 0.827417 -0.015084
0.529244 -0.108575 0.422804 0.560013 0.051165 0.826762 -0.015231
0.528491 -0.113508 0.422748 0.560860 0.051138 0.826188 -0.015299
0.527730 -0.118453 0.422687 0.561728 0.051143 0.825598 -0.015323
0.526996 -0.123366 0.422612 0.562509 0.051070 0.825068 -0.015453
0.526216 -0.128334 0.422550 0.563434 0.051133 0.824433 -0.015400
0.525387 -0.133268 0.422512 0.564532 0.051123 0.823681 -0.015453
0.524569 -0.138205 0.422474 0.565590 0.051119 0.822955 -0.015497
0.523776 -0.143120 0.422434 0.566566 0.051056 0.822285 -0.015619
0.523037 -0.148100 0.422374 0.567348 0.051141 0.821742 -0.015532
0.522527 -0.153032 0.422233 0.567364 0.051077 0.821733 -0.015619
0.522039 -0.157956 0.422082 0.567307 0.050990 0.821776 -0.015735
0.521531 -0.162939 0.421927 0.567306 0.051046 0.821774 -0.015659
0.521034 -0.167899 0.421762 0.567270 0.051049 0.821799 -0.015654
0.520528 -0.172877 0.421598 0.567262 0.051094 0.821803 -0.015593
0.520022 -0.177846 0.421438 0.567255 0.051120 0.821807 -0.015558
0.519516 -0.182791 0.421280 0.567254 0.051086 0.821809 -0.015603
0.518999 -0.187751 0.421125 0.567288 0.051092 0.821785 -0.015596
0.518511 -0.192708 0.420956 0.567224 0.051085 0.821830 -0.015604
0.518027 -0.197675 0.420785 0.567143 0.051100 0.821885 -0.015581
0.517501 -0.202649 0.420627 0.567201 0.051142 0.821844 -0.015526
0.516979 -0.207666 0.420463 0.567238 0.051285 0.821813 -0.015334
0.516473 -0.212568 0.420297 0.567243 0.051148 0.821814 -0.015519
0.515966 -0.217544 0.420124 0.567239 0.051190 0.821815 -0.015463
0.515436 -0.222463 0.419967 0.567325 0.051100 0.821759 -0.015588
0.514699 -0.227400 0.419896 0.568102 0.051081 0.821222 -0.015640
0.514145 -0.232370 0.419761 0.568261 0.051115 0.821111 -0.015600
0.513496 -0.237269 0.419667 0.568749 0.050991 0.820777 -0.015785
0.513035 -0.242273 0.419490 0.568586 0.051096 0.820887 -0.015639
0.512471 -0.247194 0.419353 0.568786 0.051012 0.820751 -0.015759
0.511864 -0.252111 0.419232 0.569129 0.050925 0.820516 -0.015888
0.511325 -0.257028 0.419085 0.569244 0.050831 0.820439 -0.016019
0.510846 -0.262105 0.418904 0.569123 0.051113 0.820514 -0.015635
0.510287 -0.267057 0.418760 0.569300 0.051104 0.820391 -0.015653
0.509724 -0.272045 0.418612 0.569480 0.051185 0.820262 -0.015551
0.509451 -0.276999 0.418353 0.568690 0.051139 0.820813 -0.015585
0.508944 -0.281957 0.418184 0.568690 0.051139 0.820813 -0.015585
